param fab := 50;
param dep := 100;
param cli := 200;
param dem := 1 11	2 18	3 15	4 15	5 12	6 10	7 17	8 17	9 20	10 14	11 15	12 19	13 10	14 10	15 15	16 17	17 10	18 14	19 10	20 14	21 17	22 16	23 20	24 19	25 15	26 11	27 17	28 14	29 17	30 20	31 18	32 12	33 10	34 18	35 13	36 16	37 18	38 20	39 14	40 12	41 20	42 17	43 18	44 17	45 10	46 16	47 19	48 12	49 14	50 18	51 15	52 12	53 13	54 13	55 11	56 15	57 19	58 20	59 10	60 19	61 15	62 15	63 13	64 20	65 15	66 12	67 10	68 20	69 10	70 15	71 14	72 13	73 20	74 15	75 15	76 20	77 10	78 18	79 18	80 19	81 11	82 10	83 17	84 19	85 16	86 18	87 17	88 20	89 19	90 12	91 13	92 13	93 15	94 16	95 19	96 14	97 19	98 12	99 14	100 15	101 15	102 13	103 11	104 11	105 16	106 18	107 10	108 15	109 15	110 20	111 18	112 16	113 19	114 16	115 19	116 11	117 12	118 17	119 11	120 11	121 13	122 10	123 14	124 10	125 17	126 20	127 12	128 11	129 13	130 19	131 17	132 11	133 17	134 14	135 14	136 15	137 11	138 16	139 19	140 16	141 20	142 16	143 11	144 20	145 14	146 11	147 16	148 12	149 15	150 15	151 20	152 11	153 12	154 13	155 16	156 11	157 17	158 16	159 18	160 12	161 15	162 14	163 12	164 10	165 19	166 14	167 11	168 20	169 14	170 11	171 19	172 11	173 11	174 10	175 14	176 12	177 11	178 18	179 15	180 13	181 14	182 18	183 20	184 17	185 12	186 17	187 19	188 12	189 19	190 15	191 15	192 16	193 18	194 18	195 15	196 20	197 16	198 14	199 19	200 17;
param fCOST := 1 298	2 274	3 217	4 138	5 224	6 199	7 277	8 264	9 254	10 280	11 203	12 249	13 240	14 156	15 276	16 218	17 201	18 159	19 177	20 279	21 204	22 186	23 300	24 234	25 120	26 259	27 177	28 243	29 157	30 248	31 137	32 258	33 158	34 134	35 292	36 190	37 245	38 260	39 196	40 155	41 154	42 164	43 144	44 228	45 269	46 298	47 162	48 159	49 245	50 246;
param fCOP := 1 27022	2 29545	3 22893	4 25144	5 24140	6 28766	7 27298	8 27157	9 27066	10 20190	11 25250	12 20652	13 24889	14 26821	15 29167	16 28901	17 21392	18 29894	19 24460	20 25147	21 24397	22 28067	23 22115	24 21536	25 26164	26 20008	27 27274	28 24177	29 26806	30 28365	31 28287	32 20817	33 26296	34 22135	35 23888	36 29476	37 22692	38 22840	39 27839	40 22821	41 20113	42 29833	43 28198	44 23981	45 21768	46 21577	47 22571	48 21016	49 26347	50 27948;
param dCOST := 1 107	2 115	3 65	4 80	5 62	6 105	7 93	8 92	9 77	10 72	11 117	12 121	13 100	14 68	15 90	16 99	17 109	18 96	19 139	20 84	21 91	22 118	23 101	24 68	25 78	26 135	27 105	28 96	29 68	30 103	31 137	32 104	33 110	34 150	35 113	36 83	37 103	38 115	39 134	40 89	41 74	42 114	43 137	44 75	45 61	46 108	47 145	48 132	49 107	50 80	51 103	52 83	53 142	54 62	55 87	56 124	57 138	58 81	59 133	60 85	61 80	62 93	63 145	64 116	65 146	66 110	67 68	68 98	69 144	70 73	71 63	72 147	73 114	74 128	75 63	76 71	77 129	78 119	79 132	80 63	81 135	82 105	83 141	84 97	85 108	86 146	87 75	88 99	89 95	90 61	91 92	92 92	93 109	94 119	95 142	96 126	97 126	98 146	99 95	100 150;
param dCOP := 1 9674	2 10108	3 8498	4 8161	5 11501	6 8286	7 11338	8 9217	9 11323	10 8497	11 8886	12 11042	13 9377	14 10376	15 8505	16 10641	17 9697	18 9685	19 11093	20 8227	21 10260	22 8357	23 9853	24 11887	25 8333	26 11470	27 9487	28 10615	29 9274	30 10039	31 10670	32 9587	33 11258	34 11646	35 9337	36 10408	37 9287	38 8737	39 8970	40 10506	41 9076	42 8353	43 10425	44 11872	45 9814	46 10270	47 8377	48 8228	49 11043	50 9068	51 11111	52 10118	53 9997	54 10371	55 10851	56 8279	57 8837	58 11958	59 8959	60 10130	61 8065	62 11807	63 11592	64 11965	65 10606	66 8248	67 8945	68 8792	69 8082	70 9408	71 9901	72 11494	73 10831	74 11440	75 9938	76 9869	77 11116	78 8954	79 9168	80 11601	81 11573	82 11139	83 11897	84 8942	85 11644	86 8630	87 8004	88 8979	89 9529	90 9285	91 8740	92 8380	93 8546	94 11916	95 11846	96 10639	97 8619	98 8756	99 8348	100 8693;
param cDC : 1	2	3	4	5	6	7	8	9	10	11	12	13	14	15	16	17	18	19	20	21	22	23	24	25	26	27	28	29	30	31	32	33	34	35	36	37	38	39	40	41	42	43	44	45	46	47	48	49	50	51	52	53	54	55	56	57	58	59	60	61	62	63	64	65	66	67	68	69	70	71	72	73	74	75	76	77	78	79	80	81	82	83	84	85	86	87	88	89	90	91	92	93	94	95	96	97	98	99	100	:=
1	60	65	61	56	61	60	58	64	62	65	55	55	64	57	59	62	63	63	63	59	64	59	57	55	61	55	61	60	65	56	63	62	63	60	57	64	55	58	62	55	64	55	60	65	63	62	55	60	63	61	62	58	63	59	58	60	65	64	64	64	65	60	58	65	60	62	59	61	63	56	55	59	55	60	62	57	59	59	65	61	60	57	62	62	62	59	56	59	62	58	55	61	61	62	58	59	61	60	61	64	60	58	58	57	64	60	64	60	62	58	60	60	56	61	56	57	62	61	62	55	58	63	56	61	60	58	55	61	56	58	62	63	62	64	58	62	59	57	65	63	61	57	60	65	55	65	58	57	62	59	62	59	63	55	64	61	57	60	59	63	62	63	58	65	58	58	55	56	64	64	62	61	65	57	65	64	58	59	58	62	63	58	61	56	63	63	65	59	58	62	64	60	63	64	61	61	60	58	61	62	

2	56	64	62	65	65	64	65	58	56	62	55	58	65	56	63	62	64	61	62	64	65	65	64	61	61	61	57	59	59	63	56	65	59	56	61	59	57	65	57	65	65	57	61	56	56	57	60	57	64	58	62	64	63	63	55	59	60	61	59	55	62	62	63	60	59	60	55	56	60	64	57	64	61	61	58	57	57	65	60	62	59	55	59	58	63	64	63	65	59	64	60	58	65	61	59	56	60	61	60	65	60	64	55	57	63	60	61	57	65	59	55	57	56	62	60	59	56	56	62	56	58	64	63	57	55	57	60	59	61	65	57	56	56	56	56	55	63	57	65	62	64	59	65	61	62	59	55	61	57	55	58	59	64	61	64	57	55	57	61	57	58	61	57	63	59	60	58	64	56	62	56	57	60	57	56	64	55	61	59	56	59	63	60	60	61	56	55	57	62	61	59	60	64	61	63	55	59	63	64	63	

3	60	58	60	55	65	55	64	62	61	65	56	63	57	58	65	64	63	58	60	59	61	61	58	63	58	63	60	58	58	64	59	65	56	65	62	64	57	62	64	61	56	61	60	63	59	63	62	62	64	58	58	57	58	64	62	55	59	61	60	62	65	60	55	60	62	60	55	57	60	64	57	57	61	60	58	58	61	61	56	63	63	58	65	63	57	62	64	59	57	64	55	55	58	55	57	61	63	57	64	60	65	63	55	57	65	65	65	63	60	56	62	61	64	55	55	61	60	64	65	64	56	55	64	64	65	61	55	55	65	55	59	59	61	56	60	56	57	63	63	58	64	63	58	63	65	57	56	65	61	60	58	58	58	59	63	61	64	59	60	55	65	57	64	56	61	62	62	58	60	59	63	60	60	60	65	55	57	59	64	65	56	58	61	58	55	56	61	65	62	65	59	62	64	56	59	61	56	58	65	58	

4	65	61	65	61	60	62	64	56	56	63	63	63	63	55	64	65	60	59	58	55	65	60	56	62	65	60	57	61	60	56	56	60	61	62	63	55	56	62	58	59	58	56	56	56	59	64	60	60	56	63	61	58	65	65	61	57	59	60	57	57	61	55	57	55	63	65	55	62	59	63	64	61	57	55	65	65	60	61	58	58	60	65	65	62	56	56	59	65	63	62	65	63	57	63	61	62	60	56	62	57	64	64	64	55	61	63	56	57	65	61	57	59	65	60	65	63	61	61	65	62	59	60	64	65	60	61	55	62	58	57	56	60	63	58	62	55	55	65	59	57	58	65	64	55	63	60	60	62	59	60	57	58	60	64	60	59	63	60	56	58	57	65	58	56	56	60	55	61	59	64	61	65	58	56	64	56	65	63	56	60	65	64	60	58	60	64	58	62	57	60	61	64	62	61	57	61	60	60	62	63	

5	62	56	59	60	65	63	58	63	63	57	57	56	64	64	58	58	65	57	59	59	64	61	60	56	59	56	58	63	55	63	63	57	62	60	57	64	56	60	58	64	63	58	60	64	65	61	65	59	64	56	64	64	63	65	59	55	64	60	59	64	57	55	65	65	65	63	61	63	65	58	59	64	64	60	59	56	63	59	60	57	62	57	64	56	59	63	58	65	61	58	64	63	57	60	61	61	56	62	63	59	55	59	58	59	57	57	65	56	62	56	55	65	62	65	59	56	57	56	57	58	58	60	55	55	58	57	63	59	57	62	57	55	61	64	60	60	63	64	55	56	63	65	62	55	65	57	56	59	64	56	57	65	62	64	62	60	57	56	62	58	63	59	61	61	65	62	55	55	61	62	57	61	64	63	62	60	57	60	64	63	62	61	57	58	59	57	62	65	60	57	64	65	55	61	60	61	56	58	59	59	

6	58	62	61	61	64	56	63	60	65	59	57	64	63	57	60	63	60	63	58	58	57	55	55	55	62	57	64	57	60	59	65	60	60	64	57	65	63	56	60	57	60	56	58	63	57	59	64	59	57	65	63	58	55	57	60	56	64	61	61	59	65	64	61	65	62	55	59	62	58	65	60	56	59	60	64	57	60	62	64	60	55	64	62	62	59	55	59	55	55	55	61	56	57	59	57	63	60	64	59	57	64	63	61	61	65	55	58	60	60	63	56	60	64	64	64	61	63	58	64	60	59	62	57	57	61	62	65	61	57	61	55	58	63	63	65	55	55	56	63	58	60	59	59	63	64	56	55	58	59	59	56	59	65	62	57	57	62	58	58	58	63	59	60	64	57	56	65	55	62	64	61	61	57	65	64	60	61	57	56	57	60	56	56	62	65	61	64	64	63	58	61	63	62	63	59	62	62	62	62	59	

7	61	56	64	55	61	59	57	63	59	55	60	63	61	61	59	56	61	57	65	58	57	64	59	62	61	57	64	57	58	57	60	55	63	61	57	64	60	55	57	59	64	63	55	61	65	55	60	61	63	56	61	64	56	62	55	65	64	57	64	63	55	63	59	62	57	58	56	56	56	61	62	59	64	65	59	55	57	62	63	58	56	62	62	64	55	61	57	62	62	62	56	60	60	65	57	56	64	59	55	60	56	60	58	55	64	55	60	64	63	64	62	57	63	56	57	64	64	57	55	58	64	61	61	61	64	61	55	56	64	55	58	62	60	61	60	59	56	61	56	56	59	60	57	61	65	55	55	60	64	65	57	56	63	64	61	62	55	59	57	58	55	61	61	61	64	58	65	57	64	55	59	62	64	57	56	61	55	64	63	59	57	56	62	60	58	62	56	57	58	55	57	59	55	55	61	63	56	61	58	62	

8	58	59	61	55	64	56	61	65	62	59	65	56	59	64	59	61	56	57	59	59	60	56	57	64	65	64	57	61	62	65	62	61	56	58	56	57	57	55	59	56	61	58	65	57	59	59	55	65	55	55	63	60	60	57	57	63	55	64	64	60	55	55	63	55	62	64	60	58	65	62	58	56	57	61	62	62	61	56	63	56	58	61	57	63	57	59	57	65	64	65	65	57	63	65	58	65	57	59	62	62	61	57	65	59	61	59	61	57	57	65	55	55	60	56	65	61	59	55	64	64	57	58	65	55	65	60	55	57	65	64	57	58	60	59	63	64	57	57	59	62	59	64	56	57	57	57	64	65	62	55	60	57	64	59	62	64	62	58	58	61	57	58	65	65	63	65	62	60	56	62	56	55	59	57	58	60	56	63	58	62	64	59	61	60	56	65	56	65	65	58	60	62	65	58	55	58	57	55	57	56	

9	59	65	55	64	55	59	56	63	62	62	62	63	56	64	55	63	60	65	57	63	62	64	55	56	57	57	58	60	58	55	61	64	55	60	57	60	60	56	64	55	65	63	63	58	57	59	55	63	57	64	58	58	64	60	62	64	57	63	61	65	59	57	65	64	56	64	57	63	61	62	64	62	55	57	64	58	60	58	58	64	64	65	57	57	60	63	57	56	59	65	59	62	61	63	56	60	61	61	63	62	63	64	57	59	60	62	59	60	59	65	60	65	61	60	56	63	64	62	65	55	64	63	55	63	61	61	61	62	60	62	61	55	59	62	60	65	64	55	60	59	65	55	65	57	65	62	64	55	65	59	57	55	62	57	56	57	56	58	56	59	59	58	62	64	60	65	65	58	58	60	62	62	62	59	65	58	55	57	57	62	62	58	63	56	56	64	56	56	61	58	56	62	63	56	65	56	59	62	65	55	

10	56	64	61	63	63	64	56	56	62	56	60	64	63	62	56	57	55	56	65	58	63	63	57	63	62	65	63	65	62	59	56	62	65	56	65	55	61	56	65	61	62	55	64	64	56	62	57	64	55	58	65	59	63	64	61	65	61	63	55	64	59	60	65	60	65	58	55	56	58	60	63	65	60	61	55	63	59	57	57	55	58	60	61	63	55	65	61	58	58	57	63	61	56	55	60	59	62	64	65	63	62	63	62	65	65	57	58	57	59	64	56	60	56	65	58	60	65	57	61	56	58	59	58	57	60	58	62	64	57	56	56	58	62	64	58	65	55	61	57	59	60	63	55	57	63	64	62	58	64	62	60	56	63	62	62	63	62	64	65	56	64	60	55	56	58	62	57	65	61	65	56	62	56	62	64	56	58	62	57	56	62	56	58	59	62	58	57	65	65	59	61	62	65	59	65	56	55	63	57	57	

11	64	58	60	56	64	61	58	59	59	58	58	61	63	59	58	65	65	65	65	57	57	55	65	65	58	60	59	59	61	55	56	65	62	62	59	59	65	59	56	58	60	64	60	63	60	62	56	63	63	57	62	64	65	60	65	61	61	59	64	62	55	58	63	64	59	60	55	57	64	62	65	57	58	59	62	60	61	63	60	59	56	62	63	57	63	64	55	58	65	57	60	58	59	55	63	64	55	55	64	59	63	63	61	55	65	64	65	64	55	56	57	64	59	61	62	57	65	56	61	63	62	59	55	63	57	63	64	62	63	61	60	59	62	61	64	62	63	58	61	58	60	65	58	55	64	64	57	64	63	62	64	56	62	59	56	60	55	61	56	62	65	57	56	60	63	61	63	63	57	56	56	61	58	59	64	61	60	65	59	57	58	56	56	60	65	58	61	55	63	59	65	57	65	55	63	62	62	56	64	56	

12	58	61	61	59	59	57	60	57	62	63	55	64	58	63	60	63	55	65	59	64	56	61	56	61	60	57	55	61	55	61	59	62	61	55	64	63	65	55	62	60	65	56	60	61	58	57	55	55	59	58	62	57	58	55	56	60	55	59	65	57	65	59	61	61	57	64	63	64	60	63	61	55	59	55	61	55	58	62	62	60	55	62	61	55	61	62	57	60	65	57	57	62	61	60	55	58	61	58	59	59	55	65	65	64	55	64	65	65	57	65	60	57	65	60	65	61	58	63	56	61	56	63	59	65	64	55	60	62	61	55	59	65	63	65	59	65	57	63	57	65	60	65	56	60	64	65	55	56	59	62	61	55	64	63	65	65	61	60	61	62	63	64	61	61	60	58	58	56	59	64	60	57	60	59	60	61	63	62	56	57	62	55	57	58	55	57	60	64	62	63	64	64	61	61	55	63	57	59	61	57	

13	61	63	60	58	59	59	64	58	63	64	63	65	57	60	58	57	63	63	56	58	62	55	56	60	63	55	65	58	61	64	56	60	58	62	61	55	62	56	59	64	57	61	55	65	59	58	56	65	55	56	61	60	55	64	59	63	56	61	63	61	59	55	63	62	59	64	65	64	65	55	64	63	58	61	64	62	65	57	61	64	60	62	57	63	62	56	56	60	62	55	61	61	62	58	63	59	55	62	56	59	65	63	58	56	61	62	63	61	63	56	65	64	65	59	65	62	61	62	56	59	58	64	64	63	58	58	58	58	61	55	62	56	64	56	62	61	55	57	60	64	56	58	65	56	61	65	55	65	61	58	56	56	62	55	60	61	55	62	56	65	57	58	59	60	59	65	59	64	60	57	62	58	65	63	62	61	55	55	55	55	65	62	61	62	59	57	64	55	63	63	60	60	61	64	63	57	56	55	58	62	

14	56	56	57	59	58	62	60	55	60	59	65	60	57	62	61	63	56	65	63	59	59	65	65	61	62	63	59	65	61	65	65	65	55	61	65	62	59	55	60	59	58	60	59	55	64	65	56	56	56	59	63	58	57	59	62	58	55	61	56	64	64	60	55	60	55	61	62	55	57	55	61	62	60	64	58	58	64	64	57	64	55	55	65	65	59	59	59	65	56	63	61	56	64	56	55	62	63	58	60	56	63	61	63	62	65	59	63	57	57	55	64	61	59	55	60	56	65	63	63	59	56	61	59	62	62	58	59	56	61	55	59	55	57	64	55	59	55	60	62	57	62	61	61	55	57	61	64	57	61	58	62	56	64	59	61	62	65	61	55	64	61	56	62	59	61	57	59	58	62	58	58	65	59	65	58	64	58	56	60	64	62	58	63	56	61	59	59	65	56	60	63	58	60	65	58	55	60	59	56	57	

15	58	63	55	63	61	58	57	62	57	58	58	64	65	58	61	64	63	59	62	61	61	55	62	65	59	63	57	56	60	56	59	60	55	56	63	58	55	64	57	59	57	56	64	65	55	55	58	64	60	57	61	63	63	55	55	64	64	63	58	61	57	61	58	61	58	65	58	62	61	57	55	65	58	62	55	58	64	64	55	63	58	55	58	61	64	60	65	64	56	63	61	64	58	65	56	56	60	65	55	55	61	60	58	61	59	63	63	62	65	63	61	64	57	57	58	65	57	59	59	61	62	63	64	59	61	59	65	55	59	65	59	64	62	62	59	61	56	60	62	55	63	60	58	55	64	58	55	57	56	56	62	64	63	60	57	55	55	55	62	61	63	55	62	58	63	64	61	59	63	65	57	64	59	55	57	62	55	55	59	61	61	64	63	56	56	57	63	63	55	60	58	62	60	62	55	57	60	61	55	61	

16	61	62	60	57	61	55	65	64	58	61	58	60	62	62	64	65	64	57	65	59	55	62	56	60	63	57	64	65	65	57	60	61	64	60	61	62	57	55	63	62	60	65	58	58	60	64	59	56	63	62	62	61	61	65	57	56	55	61	61	64	64	64	62	60	58	63	62	58	64	55	60	63	61	59	61	64	65	56	64	57	60	60	56	55	56	62	65	65	55	60	55	57	61	56	62	63	56	64	58	56	60	65	63	58	65	64	57	64	62	64	60	58	65	62	60	56	61	63	55	64	64	62	61	64	62	63	61	58	58	59	57	65	59	55	64	64	64	63	61	65	58	57	60	62	57	60	59	64	65	62	60	61	59	56	62	61	59	58	63	61	56	63	63	60	62	62	60	65	62	57	65	60	65	65	55	59	55	63	57	58	56	56	62	57	64	65	56	65	61	64	62	60	64	57	59	64	57	57	65	61	

17	64	63	55	55	60	60	60	56	55	59	65	61	55	59	58	57	62	65	65	61	62	60	55	64	65	59	55	64	57	65	57	57	61	65	64	63	65	62	61	57	59	65	64	64	64	61	58	58	63	57	62	57	65	58	57	59	55	64	63	55	58	62	56	58	61	61	65	58	65	60	56	65	62	64	61	56	64	56	59	58	56	55	56	57	62	63	57	59	55	57	58	62	58	59	60	56	63	55	56	56	56	60	65	64	64	62	57	59	61	56	61	64	62	64	56	59	61	62	57	62	64	62	60	62	63	55	61	57	56	55	60	64	57	63	56	62	59	64	57	55	55	55	59	59	59	60	61	57	57	65	64	57	63	61	65	58	55	64	60	59	58	59	56	65	58	57	57	55	60	65	59	63	61	65	64	58	62	56	63	65	55	62	57	64	59	61	62	61	58	63	56	63	65	61	60	55	64	59	59	60	

18	55	56	62	61	62	64	63	57	62	58	58	59	57	64	60	56	55	56	58	61	65	56	65	63	63	56	55	65	56	60	64	61	56	58	65	55	62	63	60	57	60	56	60	63	56	63	55	58	62	65	63	63	62	57	58	58	65	58	61	55	55	62	57	63	62	62	59	65	60	64	56	55	55	59	57	62	58	64	56	63	57	63	55	58	62	60	64	58	55	57	64	60	61	65	58	64	62	58	56	64	61	65	57	58	63	60	61	62	62	64	65	64	61	63	64	63	59	65	63	61	56	59	65	61	55	62	64	60	64	64	58	62	63	56	64	57	65	63	61	64	65	61	60	62	62	59	59	65	55	59	58	64	62	59	65	60	63	56	58	59	61	57	60	64	60	55	64	65	60	58	62	61	56	63	65	61	58	65	65	60	61	57	61	61	55	59	59	62	60	56	60	57	62	61	55	63	62	64	62	56	

19	56	65	65	55	65	61	59	58	59	56	58	61	63	58	63	62	61	65	64	55	56	56	55	56	60	63	55	57	63	59	60	63	65	63	56	55	62	65	61	65	55	60	63	59	55	64	58	61	63	59	55	57	64	55	55	58	63	60	55	60	63	61	56	58	61	65	63	65	65	63	60	57	61	55	61	64	65	57	59	62	62	55	59	58	56	59	60	56	62	65	59	56	56	62	63	56	59	65	61	63	61	61	60	57	65	62	65	58	60	57	56	55	55	58	57	60	58	62	59	55	60	60	64	63	56	62	65	64	61	58	55	60	64	64	55	61	59	59	60	57	56	55	65	56	57	65	58	64	64	63	63	59	65	64	65	56	57	55	64	63	65	64	60	57	55	65	61	65	64	64	64	55	56	61	55	59	59	60	63	59	65	55	64	63	64	62	56	65	59	59	62	65	56	56	57	58	63	61	58	58	

20	64	58	58	61	59	63	61	65	62	57	62	55	60	57	61	61	63	58	65	57	60	62	59	55	65	60	60	61	63	65	60	55	61	57	57	58	60	56	61	55	59	57	56	56	58	59	57	57	64	60	60	58	56	60	57	59	62	65	65	56	63	60	64	61	61	57	60	65	58	60	56	64	62	58	55	55	63	59	58	65	59	63	61	60	65	58	56	59	55	65	65	56	59	64	65	63	62	64	60	65	61	56	58	58	64	57	62	64	55	61	62	55	65	60	55	63	60	65	61	61	57	65	62	62	64	61	55	65	59	57	57	64	60	61	55	57	55	63	57	65	63	59	57	65	62	61	59	63	58	63	59	56	57	57	64	56	62	62	59	64	57	55	55	61	56	62	65	58	60	65	62	56	57	59	65	61	55	59	63	58	61	56	64	63	63	59	56	63	56	65	59	65	58	56	60	56	65	65	62	55	

21	61	64	57	63	62	63	63	63	65	61	58	65	61	59	60	57	58	63	63	56	60	57	62	63	58	56	64	57	56	57	61	58	58	64	56	64	58	60	56	65	60	63	60	59	58	63	62	63	62	56	59	65	61	55	59	64	63	58	63	58	62	64	57	61	60	55	59	58	57	55	62	59	62	56	60	58	63	58	60	55	57	60	60	64	55	61	57	61	58	59	60	60	56	57	62	64	58	63	60	62	56	55	63	61	65	60	63	63	57	58	59	59	60	55	60	64	65	65	58	63	55	62	56	60	65	61	63	63	55	59	59	61	65	62	56	58	55	55	59	56	58	61	62	57	56	60	59	58	56	59	61	57	62	64	55	56	60	57	58	63	59	59	56	56	63	60	58	60	62	62	63	59	63	64	64	55	62	62	56	55	62	59	63	63	60	57	56	61	63	57	62	56	61	65	55	58	61	64	65	64	

22	63	59	63	62	65	58	60	60	63	58	58	59	63	64	64	59	58	63	60	55	55	57	58	62	63	61	61	64	55	55	55	63	55	58	55	64	64	57	55	55	65	61	61	56	59	60	63	56	65	59	61	60	60	60	55	62	65	58	59	56	59	61	62	60	64	55	60	62	55	60	64	62	65	61	63	60	65	55	62	63	58	60	59	62	62	56	65	59	62	63	56	61	62	57	60	59	63	59	56	64	59	56	58	64	57	56	59	55	60	60	56	60	65	62	61	64	65	64	59	58	56	57	62	63	60	55	64	63	60	65	58	59	59	57	57	56	55	63	58	62	63	55	58	58	57	58	58	58	56	61	55	59	56	63	64	55	56	58	57	55	55	61	62	63	63	65	59	59	55	65	55	55	60	63	64	62	61	55	57	55	55	58	61	57	59	64	58	65	58	59	57	65	60	56	59	61	60	57	63	55	

23	62	65	61	58	59	62	58	56	56	57	65	62	57	56	55	60	62	56	65	64	57	58	61	58	64	55	61	59	62	64	60	59	57	56	56	56	57	58	60	59	62	58	61	58	62	62	56	58	59	57	62	56	65	59	58	62	58	63	56	58	56	55	60	57	64	64	65	59	61	62	58	62	61	64	56	63	57	62	61	60	63	59	65	56	55	57	55	65	56	64	57	59	61	55	58	63	59	62	60	63	65	57	57	59	58	58	57	61	59	55	56	61	56	56	63	60	57	60	61	64	56	58	57	65	57	58	56	64	59	62	58	59	65	55	65	55	62	61	61	63	60	56	63	58	60	58	61	64	62	65	57	59	63	60	58	64	63	62	58	62	56	55	62	63	56	62	57	61	56	59	57	57	61	65	56	61	56	63	63	55	62	62	57	61	61	55	56	62	57	63	62	65	65	57	63	59	57	60	65	58	

24	62	59	58	55	60	56	57	55	58	62	59	61	62	58	55	63	57	60	62	55	59	63	63	61	55	63	64	58	62	60	56	65	57	60	55	58	59	60	60	63	63	55	61	62	64	59	55	60	62	59	55	65	64	65	59	55	61	57	55	57	59	60	55	64	57	65	62	55	57	58	58	58	65	58	58	56	60	61	64	61	59	61	64	56	56	62	56	60	57	59	59	60	64	60	64	62	62	55	55	58	65	58	65	56	55	57	64	64	60	62	60	57	56	55	61	57	60	65	60	56	57	58	60	63	64	55	60	65	59	61	57	61	60	55	60	56	60	61	58	63	64	55	62	58	55	57	63	56	65	55	57	61	65	65	56	55	62	57	60	57	58	57	65	63	61	62	63	61	56	61	64	63	56	64	62	61	65	60	57	62	62	55	63	63	61	59	56	62	65	55	60	64	55	64	62	57	56	60	56	56	

25	64	64	60	56	60	57	61	58	56	57	65	64	65	58	63	61	55	61	64	61	64	56	63	55	61	65	56	62	56	63	61	56	57	55	55	62	55	61	55	59	58	58	61	63	56	62	57	55	62	64	63	56	64	63	63	56	59	57	57	65	62	63	64	59	60	57	63	63	58	57	59	63	59	61	64	59	63	65	62	64	62	57	62	58	58	63	61	62	58	58	62	64	60	61	57	63	62	56	65	57	60	56	63	59	62	65	59	55	58	60	56	57	58	64	61	57	62	56	62	62	56	59	65	64	62	61	57	65	65	62	56	58	56	63	59	63	56	63	64	64	57	64	64	62	65	62	64	60	62	64	57	58	60	62	56	64	55	64	61	61	64	63	58	60	56	64	56	65	57	55	61	60	65	59	57	59	60	58	55	56	55	56	62	63	62	61	65	59	64	58	58	55	62	65	56	57	63	63	59	64	

26	61	61	57	58	60	59	56	57	58	61	63	56	57	61	56	65	62	57	61	61	57	63	61	64	65	57	64	64	59	60	57	60	64	60	55	56	59	60	65	58	58	55	61	56	61	57	58	60	62	59	58	62	64	65	58	65	56	64	62	55	60	55	55	64	64	64	62	63	63	58	59	56	60	58	64	58	60	61	65	63	56	60	55	59	63	64	62	56	57	61	59	56	61	62	64	55	61	55	57	62	57	56	57	58	58	61	64	60	55	61	62	63	61	64	61	62	60	62	63	62	57	59	56	55	62	62	59	63	57	60	65	61	63	65	61	61	59	55	56	60	56	60	59	65	60	55	56	57	61	61	58	56	56	58	64	62	55	55	63	61	64	60	56	65	57	59	58	56	64	62	58	57	60	59	61	61	59	64	65	60	57	58	61	61	56	58	65	64	62	55	55	64	61	55	65	61	57	56	62	55	

27	59	64	55	58	57	59	59	60	57	56	58	65	58	61	65	59	56	61	59	55	59	63	60	58	65	65	63	56	59	60	56	57	59	58	62	58	64	57	58	57	55	57	64	57	62	58	55	64	65	57	57	61	61	62	58	61	64	59	63	57	56	58	55	60	60	60	62	57	58	56	63	60	55	63	56	63	57	64	56	58	61	60	57	63	65	64	59	63	58	61	59	58	59	60	62	55	63	57	57	63	60	57	60	61	56	55	61	64	64	55	64	55	60	56	56	65	56	59	58	63	60	57	65	55	56	55	57	57	65	57	56	55	64	59	61	57	60	56	65	58	59	60	60	61	55	56	56	61	55	63	61	61	65	64	57	58	61	65	63	58	57	60	60	59	64	61	55	60	63	55	58	57	56	64	64	55	55	58	61	55	59	61	56	65	59	60	59	61	55	59	55	63	56	65	56	58	61	64	59	55	

28	56	57	61	57	59	57	58	60	62	60	55	59	62	57	61	63	55	59	62	63	55	55	64	64	63	64	60	60	56	58	63	56	58	63	63	62	56	57	61	57	61	57	61	57	55	60	63	57	64	62	61	55	57	63	64	65	62	55	58	65	61	62	58	56	55	65	60	55	63	64	56	64	56	64	65	61	61	56	64	55	63	55	55	57	58	58	56	63	63	55	58	57	58	58	58	59	63	64	58	60	58	63	58	65	55	65	63	65	64	62	64	63	63	55	64	63	55	63	62	55	56	63	56	62	60	57	57	64	56	63	60	62	55	64	65	61	62	58	58	58	60	64	61	62	61	56	61	57	65	55	65	64	63	60	65	62	59	65	65	60	57	58	65	59	59	61	60	56	60	55	58	56	58	60	63	61	63	59	55	62	60	63	62	58	64	56	64	62	57	60	62	65	64	64	60	55	56	64	58	57	

29	64	56	57	65	56	64	59	63	56	64	55	62	56	64	59	59	58	65	61	64	65	58	58	55	60	61	55	58	64	64	65	63	64	56	55	60	56	58	62	61	63	62	55	65	56	61	62	59	64	59	57	64	64	62	57	61	58	58	58	56	57	63	59	56	57	63	56	57	55	56	63	62	58	55	62	61	58	63	64	62	64	59	65	58	55	58	58	58	65	64	57	56	65	55	58	62	63	59	58	55	62	57	64	64	57	61	58	65	56	64	56	56	60	65	60	55	63	60	58	64	64	57	65	65	64	62	63	59	62	56	55	64	63	61	63	61	63	60	60	55	61	65	61	62	55	62	60	55	60	56	55	58	58	64	58	64	64	61	65	64	55	65	56	64	57	63	57	56	62	62	64	58	59	65	57	65	58	60	56	62	64	64	62	63	55	64	59	64	61	59	63	63	59	59	64	57	65	56	56	59	

30	65	56	58	61	61	55	63	55	63	61	56	59	62	65	57	59	58	55	55	55	56	65	58	59	59	59	63	55	58	63	65	60	61	65	55	56	60	57	63	55	57	60	59	61	61	64	62	60	60	65	62	56	58	61	62	56	56	61	63	62	58	63	62	55	65	60	61	58	60	60	60	58	62	62	56	56	65	58	56	59	65	59	59	60	57	61	59	58	60	59	60	62	65	63	56	63	61	55	57	63	58	56	56	64	60	61	58	57	59	60	58	61	61	62	55	56	58	60	61	64	58	65	64	65	61	59	63	59	65	57	61	64	61	61	62	58	59	63	64	58	63	60	58	61	59	62	58	57	61	57	64	63	60	55	55	63	58	58	64	62	60	57	60	58	55	61	63	56	59	58	62	65	59	62	65	61	58	62	62	65	57	56	61	56	56	58	56	65	57	62	58	64	55	63	60	61	62	61	65	63	

31	63	55	63	63	55	60	56	63	59	59	65	60	57	59	58	57	58	55	61	60	61	57	59	56	64	58	62	63	65	61	58	62	63	56	62	62	57	56	65	65	63	63	60	64	65	55	64	65	56	60	59	56	65	62	63	64	63	62	62	61	57	62	64	57	62	59	65	65	62	65	59	61	64	59	65	62	60	60	64	65	60	62	64	57	56	61	58	64	63	60	64	64	61	64	57	55	61	65	60	63	59	65	63	55	60	65	57	60	59	62	62	56	55	65	58	58	55	58	59	62	64	58	65	55	61	59	56	63	59	62	64	64	57	62	64	64	56	60	62	61	58	55	57	57	64	62	57	59	62	56	62	65	63	65	63	61	60	62	62	60	62	63	55	60	56	60	55	61	56	63	55	61	56	55	63	56	58	64	62	55	56	58	65	65	65	55	59	63	64	57	64	65	65	60	55	63	56	59	63	65	

32	58	59	59	56	60	64	56	59	57	57	61	57	58	64	61	61	60	59	55	60	59	58	62	56	56	56	62	63	64	55	62	60	58	64	57	61	58	62	61	56	56	63	65	60	59	65	55	64	62	61	64	62	62	61	59	65	58	65	55	58	58	58	65	58	62	58	63	64	65	57	63	55	62	61	62	64	62	58	63	56	62	61	60	64	61	64	57	56	61	55	57	57	55	56	56	60	60	59	65	64	58	55	64	65	61	55	63	56	59	65	61	64	64	64	59	55	64	55	55	55	61	60	55	55	57	60	60	60	60	57	58	64	55	55	63	57	55	62	65	62	55	62	55	63	63	65	63	59	56	56	59	55	55	64	62	63	61	55	61	55	55	55	60	64	55	60	60	55	63	63	61	56	64	64	56	61	56	61	63	64	60	57	63	60	57	63	61	58	55	61	63	57	65	57	58	59	62	57	55	62	

33	65	65	64	60	55	63	60	60	65	56	63	58	62	64	56	55	60	62	57	60	62	59	61	59	58	60	63	58	57	62	58	64	60	59	65	60	56	63	58	58	60	62	57	57	58	58	56	59	55	63	65	62	61	61	55	62	57	56	62	63	55	61	64	56	58	55	55	63	63	62	63	64	55	55	65	63	59	65	59	63	59	55	55	56	56	59	56	56	60	63	59	61	56	62	63	60	61	56	57	62	64	62	65	63	59	62	57	62	65	58	63	61	57	63	64	56	62	61	61	55	59	56	59	64	61	56	59	57	64	65	65	62	63	55	59	60	59	63	61	58	56	61	64	58	63	55	61	59	65	63	55	62	62	59	57	60	56	60	58	62	57	59	64	57	64	63	60	60	55	57	63	61	56	58	64	63	63	62	61	65	65	56	59	65	64	58	60	56	59	61	61	59	55	65	64	63	59	58	61	56	

34	55	55	60	59	60	56	56	56	55	61	62	55	60	62	55	61	65	65	60	60	59	58	55	56	58	62	64	59	62	55	56	63	58	56	62	63	65	60	60	57	65	63	55	59	56	64	58	63	59	58	64	56	57	59	56	62	63	61	61	64	62	55	56	62	58	62	62	63	57	64	64	55	64	58	63	64	65	60	59	63	64	60	64	64	63	64	55	59	57	63	64	65	61	62	65	65	60	59	59	57	60	56	65	59	56	64	58	59	58	59	62	61	65	55	65	56	62	64	56	64	56	59	63	58	62	55	55	59	55	55	62	62	59	59	58	57	56	65	62	63	55	58	61	57	61	57	62	63	61	65	56	56	59	60	59	59	56	59	64	58	58	56	63	57	55	62	59	61	61	59	55	61	56	64	62	56	56	55	65	59	63	60	63	56	65	58	62	61	55	55	63	64	65	57	64	60	55	60	57	56	

35	56	59	60	62	65	58	62	61	62	55	63	64	58	65	58	61	55	65	58	60	56	63	60	59	55	64	57	58	57	64	55	56	58	60	59	56	60	64	62	65	61	55	58	61	65	62	65	55	56	63	65	58	65	60	65	64	58	64	59	55	60	63	61	64	62	65	63	56	57	56	64	56	64	55	60	65	62	56	64	63	58	56	59	60	55	61	62	55	63	64	55	60	58	63	65	57	56	63	58	57	61	58	64	60	64	59	64	59	57	59	59	58	56	58	61	64	62	59	55	55	64	61	62	61	59	60	60	63	60	57	60	61	56	65	64	65	64	63	55	56	59	56	64	61	61	55	61	60	56	63	63	64	57	59	64	58	62	62	64	61	57	61	58	61	58	59	58	61	60	65	64	60	63	56	61	59	55	64	65	65	57	63	60	58	61	57	62	63	61	62	56	60	63	63	58	64	64	61	63	61	

36	56	57	58	58	62	55	65	55	59	63	59	65	62	62	65	59	59	62	58	59	57	55	61	61	63	65	56	55	56	55	61	61	64	55	63	63	65	62	63	61	55	58	65	57	58	57	63	64	62	63	62	58	57	59	59	56	60	65	55	62	56	62	63	55	63	63	65	58	65	65	58	55	64	56	55	58	56	64	60	62	63	63	55	62	64	55	56	56	56	62	57	65	61	62	56	59	63	63	59	63	59	57	58	58	63	57	63	65	57	65	61	63	62	64	61	65	62	61	55	61	57	55	60	63	64	58	60	63	60	61	62	55	59	64	55	55	60	65	55	59	58	61	64	61	59	61	56	61	65	55	56	61	64	58	63	64	55	55	65	55	63	65	58	63	61	55	57	56	55	62	58	56	59	58	57	56	64	64	61	56	60	64	60	58	65	58	63	57	57	65	55	64	65	65	64	65	60	63	59	55	

37	56	64	55	58	62	59	55	59	56	62	57	59	56	58	57	57	60	61	63	60	59	55	65	57	60	59	55	61	56	65	64	62	59	58	61	62	57	64	65	56	60	60	57	61	60	56	64	58	56	65	58	62	65	55	60	55	62	65	58	60	59	58	58	59	55	65	55	56	64	56	58	55	55	57	65	60	57	56	64	63	60	64	56	62	65	60	61	55	57	60	62	61	60	62	63	62	57	59	64	55	58	58	65	65	62	64	63	59	63	59	55	56	64	55	55	57	57	55	59	62	56	63	62	58	60	59	64	56	60	57	59	57	64	58	55	64	59	58	63	57	60	57	57	59	55	64	58	60	60	59	59	64	64	64	65	64	55	62	65	56	55	64	57	55	65	56	60	60	65	57	59	64	65	55	61	64	56	57	63	61	65	56	65	58	62	65	61	65	55	58	59	58	57	63	57	56	56	65	63	56	

38	56	58	58	64	63	56	63	64	64	57	63	56	60	56	59	58	63	57	55	58	61	62	61	57	56	65	65	60	60	63	55	61	61	57	57	59	58	60	56	56	65	55	58	55	58	62	61	56	61	65	60	61	60	64	61	56	57	58	57	65	58	65	62	63	61	56	56	57	64	56	61	62	56	58	61	56	63	64	61	61	62	59	63	57	60	62	60	61	59	58	63	59	57	57	65	56	61	58	61	55	65	58	65	64	65	65	58	62	55	61	63	60	60	56	64	57	59	64	55	58	64	62	63	60	62	65	60	65	57	60	65	55	60	60	65	59	57	56	65	55	56	55	65	56	61	62	55	65	56	55	59	65	62	63	64	62	61	57	55	57	58	63	58	57	62	61	59	55	63	59	58	55	65	56	62	59	65	57	57	60	65	60	56	61	62	55	60	64	63	65	55	57	64	59	58	56	63	56	57	59	

39	62	62	62	63	59	61	58	62	60	56	62	61	65	60	65	65	58	59	65	58	60	58	64	61	59	65	65	58	63	63	56	56	64	63	61	61	65	61	59	59	63	56	55	65	60	61	59	63	61	55	65	61	55	65	58	59	58	58	58	60	60	61	64	65	60	62	57	61	62	55	57	65	56	55	57	63	56	65	59	61	58	58	60	62	65	58	60	55	56	65	65	64	57	58	56	63	55	55	56	62	55	61	57	61	56	64	55	60	63	57	55	55	62	55	64	63	65	57	64	56	63	65	61	60	64	59	63	61	63	57	63	64	57	58	63	58	57	61	63	57	65	56	56	62	58	62	59	59	64	65	60	57	57	64	56	56	64	60	58	65	58	64	60	65	62	55	63	57	62	55	56	62	60	62	63	63	65	58	65	56	57	55	65	55	61	56	58	63	56	60	55	56	65	56	55	55	57	59	59	59	

40	57	63	57	65	63	63	65	60	61	63	56	60	65	57	65	58	56	61	60	60	57	63	64	55	58	58	56	64	58	60	64	58	58	58	55	59	64	56	61	60	58	62	56	64	62	64	59	55	58	64	62	55	55	55	59	62	56	58	62	61	55	65	58	56	60	63	57	55	59	64	59	59	56	56	59	65	61	58	59	64	56	56	58	56	61	61	58	58	58	62	56	59	64	56	64	58	58	59	64	59	64	59	63	62	55	62	60	57	61	62	57	63	55	57	58	55	61	58	63	65	56	63	65	56	57	64	55	60	55	63	55	65	56	57	57	60	63	64	64	62	58	62	64	60	65	62	59	65	64	63	61	61	64	57	61	65	62	56	64	64	63	56	64	61	64	55	59	61	63	55	56	56	57	57	63	65	59	65	65	63	56	64	59	55	57	57	56	62	63	55	59	62	64	55	55	59	65	64	61	56	

41	64	63	55	65	63	62	61	55	63	61	63	63	62	65	58	65	64	58	60	64	58	55	57	59	59	64	64	55	62	65	64	59	60	65	65	55	56	59	57	61	62	64	56	60	63	65	60	55	63	56	58	65	55	57	61	65	56	65	58	60	55	62	61	60	62	62	62	64	56	56	59	56	56	62	58	62	65	61	61	63	59	60	60	64	55	55	59	61	63	62	63	58	63	60	57	55	59	61	56	60	62	65	57	57	64	64	62	62	61	64	56	64	59	56	56	56	64	62	57	57	55	62	62	62	59	60	61	55	65	58	63	61	55	64	57	63	62	63	65	62	60	59	61	65	56	61	61	63	60	62	60	60	65	60	60	61	63	62	58	62	55	64	62	65	59	61	62	57	58	63	56	56	57	61	64	59	61	64	57	62	58	55	56	57	60	62	64	63	64	63	59	65	65	64	57	65	65	65	55	60	

42	56	56	57	59	56	63	62	58	63	60	61	55	63	59	63	62	61	56	63	55	56	59	58	63	60	65	59	61	63	63	65	55	59	56	56	65	60	59	57	55	56	64	65	62	60	61	63	61	60	57	65	65	65	65	58	62	56	58	61	61	65	56	61	58	58	56	64	61	63	61	61	55	59	56	57	65	57	62	59	65	59	65	63	64	64	57	57	61	62	57	61	60	55	55	63	55	59	59	56	57	59	58	56	61	61	65	63	65	58	63	60	57	62	62	55	60	57	60	57	61	60	64	59	61	59	59	60	65	65	63	65	64	65	63	65	60	59	60	55	58	59	64	65	57	63	56	61	55	56	59	61	60	61	58	59	57	57	64	58	56	60	56	56	60	61	56	63	60	61	63	61	64	61	61	62	63	61	62	63	58	59	65	57	64	60	57	65	64	57	58	57	57	63	57	59	57	63	56	59	56	

43	57	61	60	63	65	58	60	55	59	59	62	58	56	59	59	64	60	60	64	57	57	58	61	61	64	57	58	57	59	56	63	59	58	58	58	63	65	63	65	58	59	62	59	60	64	61	62	55	55	61	61	61	58	61	57	57	65	63	55	55	61	59	60	60	57	58	63	56	61	58	62	65	58	62	56	59	61	57	59	57	60	60	55	58	64	55	63	65	60	65	57	61	55	58	65	64	57	63	57	61	64	61	57	62	55	63	55	64	55	59	57	58	64	55	56	65	64	63	58	55	61	65	64	65	55	61	59	64	65	65	65	65	62	61	55	56	57	62	55	63	63	64	62	56	60	64	58	57	55	56	65	62	55	60	61	56	56	60	59	61	57	64	60	63	61	61	57	60	58	57	62	59	56	65	63	60	59	59	57	62	59	56	57	58	60	58	60	62	58	55	55	61	56	55	63	56	64	56	60	63	

44	56	65	58	64	65	63	59	56	57	62	64	56	60	58	65	61	57	64	57	58	58	58	61	64	62	59	65	61	64	55	56	61	57	65	60	56	61	55	64	64	58	58	63	55	56	56	64	58	60	58	65	64	57	65	65	61	58	56	56	61	62	59	65	59	62	60	57	62	65	62	62	65	59	56	57	58	59	59	62	60	63	56	62	57	61	65	57	60	64	61	61	55	61	56	57	60	61	62	60	55	65	56	61	55	59	64	59	56	59	57	65	55	58	57	65	56	56	56	56	58	55	61	55	58	55	62	58	59	65	57	60	59	61	62	59	58	60	60	57	59	56	61	59	59	59	58	61	57	57	56	61	59	64	65	58	57	62	62	64	62	59	61	57	59	61	57	55	64	58	61	55	64	57	63	60	63	64	60	57	61	65	59	63	58	65	62	63	60	63	63	61	61	63	56	64	55	55	56	59	65	

45	65	59	60	60	55	64	65	61	61	55	55	55	62	64	55	64	62	57	61	60	57	58	56	59	63	63	58	62	57	57	58	63	59	65	55	60	56	60	59	57	55	56	55	64	58	63	58	58	62	60	57	65	62	59	57	62	65	57	60	57	57	64	59	56	57	58	61	61	63	55	65	59	65	59	58	60	62	59	55	56	55	55	61	60	63	55	60	58	62	58	57	55	65	59	60	64	60	55	62	58	61	64	62	55	59	57	57	57	58	60	55	55	55	64	55	60	63	57	64	60	58	59	56	59	65	60	58	58	60	64	57	61	60	65	57	55	60	57	59	58	59	65	60	56	64	64	62	62	57	65	63	61	61	63	63	61	58	55	58	58	58	62	59	61	61	56	63	63	60	59	62	65	65	56	62	59	56	57	57	57	57	65	61	59	62	61	64	61	58	60	59	58	59	64	65	62	64	61	61	65	

46	57	57	63	64	59	56	58	65	63	60	64	65	61	57	61	65	60	61	61	58	64	55	61	59	65	64	64	65	55	55	58	59	56	65	58	62	62	58	56	60	59	56	55	61	62	63	55	65	57	57	62	62	55	55	62	59	57	64	55	64	61	56	64	57	58	63	60	60	58	61	62	64	64	63	58	58	63	55	64	58	64	57	62	60	59	63	61	57	63	65	55	61	60	56	60	62	62	58	62	57	65	64	65	56	55	58	65	65	62	55	57	55	65	61	60	56	56	56	63	63	55	65	59	58	59	58	59	55	56	59	56	63	58	57	58	63	64	56	61	65	64	64	65	56	58	65	65	60	65	61	64	64	61	61	56	57	56	61	65	62	57	63	61	56	58	62	65	57	60	56	55	62	62	59	56	55	65	62	64	65	57	59	61	62	58	58	65	59	62	60	61	56	62	60	56	61	63	59	59	56	

47	64	62	61	60	64	58	57	64	63	61	62	57	57	65	57	57	58	56	55	61	62	60	58	62	61	60	64	57	56	65	65	57	57	59	61	60	59	61	65	56	63	64	65	55	64	63	58	57	64	63	63	59	57	64	60	65	55	64	62	63	65	56	62	62	61	58	60	63	55	58	58	63	57	60	63	58	56	65	56	61	59	60	57	57	65	58	61	57	63	61	57	57	65	59	58	61	60	62	62	59	59	61	57	56	59	59	58	57	65	65	64	60	55	62	63	56	63	59	64	56	57	65	58	58	65	60	58	60	65	64	62	57	60	56	62	60	65	61	61	60	55	64	62	61	59	56	60	61	65	63	59	55	55	65	62	64	63	64	62	57	65	64	58	55	57	55	57	55	56	64	55	62	62	63	59	63	55	61	55	60	55	61	61	57	62	62	65	60	61	55	62	58	62	63	60	60	57	56	55	65	

48	56	60	57	55	61	56	58	59	60	65	56	60	64	60	57	65	57	56	60	59	65	60	56	58	57	58	58	58	64	64	62	56	61	62	55	62	60	56	57	63	62	63	57	64	61	62	61	62	60	64	60	58	58	63	63	59	57	63	63	56	58	55	61	61	58	65	56	55	59	58	56	62	61	59	58	55	57	65	65	62	59	58	55	60	60	65	64	62	63	55	64	62	61	60	59	57	60	64	58	65	64	56	64	64	57	60	58	61	57	59	61	55	57	64	58	56	64	63	64	58	63	59	61	61	59	62	58	60	60	59	60	59	57	58	59	59	64	57	57	65	55	58	61	61	64	65	59	58	62	60	57	64	63	58	59	63	59	61	57	57	58	60	58	59	60	64	60	59	64	59	57	62	58	63	61	57	63	61	59	59	65	61	61	56	63	64	55	61	62	61	58	59	63	60	64	58	62	65	55	59	

49	59	65	61	56	58	57	61	61	65	65	64	62	62	61	58	58	55	55	60	64	59	65	61	62	57	56	65	60	57	55	65	56	59	58	56	61	57	59	60	61	59	57	65	64	65	58	56	60	63	63	65	60	59	63	61	57	59	56	58	60	63	60	58	65	62	62	65	57	63	57	61	56	64	55	59	65	59	64	62	62	61	61	58	58	58	62	57	63	56	65	64	56	63	65	60	65	57	60	64	65	59	61	62	57	56	57	63	61	56	60	61	60	57	56	64	55	64	62	58	57	64	59	60	56	60	63	65	56	57	55	64	65	60	57	61	62	56	57	56	56	55	61	59	60	55	62	58	62	56	62	55	57	57	59	55	64	56	59	56	55	58	58	59	65	63	55	57	60	57	63	59	55	63	61	64	64	63	60	58	57	58	60	56	64	64	64	58	58	58	58	65	61	56	58	63	65	57	64	55	57	

50	60	65	59	65	65	57	55	61	61	65	55	59	60	62	59	61	63	55	56	63	63	64	61	65	56	60	55	62	57	64	60	61	56	64	62	60	58	63	60	58	59	57	58	63	58	61	62	63	55	63	63	63	65	56	56	56	62	57	61	64	61	57	63	63	60	59	56	59	55	62	61	59	59	63	60	60	56	56	63	62	61	57	57	57	61	57	62	59	59	65	62	65	60	63	55	64	64	62	61	55	64	64	55	64	56	61	65	59	55	65	58	60	61	56	63	64	57	61	63	62	62	57	64	58	57	58	60	60	57	57	59	56	58	58	55	64	59	60	65	60	65	59	59	58	63	64	65	61	60	61	63	56	59	58	64	62	60	57	57	61	57	60	62	57	65	61	65	63	65	59	65	59	62	56	59	65	63	56	59	65	59	60	57	63	55	57	56	57	63	57	61	65	60	59	65	61	62	55	56	65	

51	58	60	64	62	61	64	61	59	55	58	60	55	56	56	59	61	61	62	63	59	58	59	59	61	56	63	60	58	63	61	56	63	56	65	59	59	61	56	63	56	58	62	61	55	61	57	56	62	57	65	59	56	55	57	65	55	56	57	58	57	57	56	61	59	60	64	59	60	65	61	64	57	59	63	55	65	64	65	65	61	58	64	59	59	57	64	64	64	57	65	64	61	57	55	59	62	56	61	63	61	64	59	65	63	56	55	64	62	62	55	63	63	62	63	56	63	59	60	57	56	55	56	58	55	60	56	62	65	59	57	65	65	59	65	57	55	56	63	61	60	56	60	62	59	63	64	58	64	65	65	62	59	63	61	61	61	57	57	61	60	63	61	58	63	61	63	61	58	58	62	61	65	56	63	58	60	65	58	65	56	60	64	64	58	64	57	63	56	63	57	65	55	61	63	61	65	56	59	58	63	

52	55	59	63	56	65	57	64	61	65	63	63	63	58	60	57	63	63	60	65	61	64	64	64	63	63	57	62	55	62	60	61	61	63	60	62	56	57	63	62	63	64	63	57	55	58	62	64	57	58	59	61	63	59	56	57	65	59	65	65	60	57	60	61	62	63	65	63	62	57	63	59	59	56	56	64	59	56	65	56	64	63	56	58	63	60	55	61	65	57	58	59	64	59	55	59	55	57	61	56	65	62	57	64	57	60	56	58	55	65	65	62	59	57	64	64	58	58	64	58	61	56	65	57	60	61	62	59	65	62	58	63	62	55	57	58	60	59	56	64	62	60	56	57	60	65	65	57	60	64	62	59	59	60	56	55	56	56	55	63	61	62	64	59	60	60	63	64	61	58	61	62	60	63	64	58	59	56	55	62	55	61	58	57	62	55	58	60	59	60	55	60	62	60	61	58	55	59	56	59	55	

53	61	64	58	64	60	63	64	63	61	64	65	61	56	59	61	57	65	55	62	65	63	63	62	64	64	61	62	56	64	59	57	60	59	55	59	60	65	58	60	60	62	65	57	56	57	61	57	61	58	58	58	65	55	62	60	60	65	65	61	59	57	60	65	65	63	61	64	55	63	60	61	55	55	57	59	58	55	56	60	58	63	64	56	56	63	63	55	64	65	57	55	59	63	58	64	61	60	64	60	62	63	63	62	55	59	64	65	56	61	63	55	55	61	55	64	61	61	64	56	65	57	61	59	60	58	62	60	57	59	55	60	65	65	61	55	65	64	56	65	64	65	57	62	64	58	55	64	62	57	64	56	63	58	55	64	57	64	61	60	56	56	60	58	59	55	56	63	60	59	65	65	63	62	63	57	57	63	56	55	59	64	56	62	65	64	60	64	57	58	58	55	62	65	60	56	61	57	64	59	59	

54	59	64	58	59	57	59	60	61	58	57	60	59	62	59	59	61	56	59	63	64	65	56	63	55	58	60	58	58	55	56	65	59	64	55	65	57	65	63	58	57	57	57	64	64	59	60	62	64	58	56	58	60	58	58	57	55	59	61	61	56	64	64	62	58	61	59	63	56	56	61	64	55	61	57	63	60	57	60	62	62	61	65	59	65	56	60	64	63	61	61	57	63	60	57	56	63	61	63	60	63	62	60	60	65	63	61	63	59	55	58	64	63	61	63	63	60	63	65	56	60	56	56	61	55	60	64	59	56	56	60	55	59	56	61	62	58	59	58	57	56	58	57	61	60	63	57	61	62	65	57	61	57	58	60	56	62	55	59	64	55	64	60	60	64	60	65	61	64	57	60	60	60	56	62	56	62	64	64	58	59	57	55	60	59	55	57	56	60	56	56	64	61	63	61	58	56	60	59	64	55	

55	60	60	58	65	55	65	64	65	58	62	61	57	59	59	58	62	63	57	57	58	65	55	64	59	60	56	57	61	55	65	60	58	63	62	64	58	64	63	62	63	55	60	65	62	61	63	65	61	62	62	56	60	64	60	61	56	58	58	61	62	62	59	62	56	63	65	63	59	58	58	60	60	58	64	63	63	61	63	65	65	63	61	65	57	62	58	59	57	57	65	65	57	62	55	59	57	58	57	62	64	57	57	61	60	59	58	59	58	64	56	64	58	58	57	62	64	65	56	57	65	60	55	63	60	64	61	63	57	59	55	61	58	59	57	56	65	56	60	59	62	64	56	56	56	65	55	65	58	58	57	61	60	64	65	59	63	56	57	57	62	57	65	58	61	63	58	61	57	61	65	56	61	59	61	58	60	64	61	57	63	55	56	60	55	64	59	57	57	63	55	63	63	59	55	56	57	61	57	57	55	

56	64	58	56	63	65	64	59	65	55	55	58	65	58	64	57	57	58	55	65	63	60	55	64	58	59	65	58	59	60	61	59	65	56	59	58	59	56	55	59	61	57	64	55	61	57	65	57	64	64	55	64	60	63	59	61	63	60	65	57	61	61	58	58	59	60	56	55	57	55	58	58	60	65	57	65	60	57	59	62	60	58	59	63	58	63	59	60	58	55	55	60	59	57	60	60	64	59	56	61	65	59	61	59	55	65	63	63	58	59	60	59	58	57	65	65	63	62	65	55	57	62	61	58	62	60	63	56	55	56	58	62	55	56	61	56	58	58	64	60	61	57	64	65	57	62	56	56	55	63	65	56	61	56	57	56	57	56	65	55	55	63	62	63	56	63	62	56	55	55	62	65	57	55	65	57	57	62	58	58	62	65	58	58	55	55	58	59	59	65	58	56	65	59	63	59	62	64	60	59	58	

57	56	61	63	59	59	57	64	58	55	59	55	56	61	60	59	57	57	57	64	65	60	55	60	61	63	61	64	62	63	56	59	62	59	60	65	61	63	55	61	63	62	58	60	60	59	62	58	65	62	55	55	59	56	61	65	62	60	65	60	57	64	64	60	59	57	58	63	58	64	57	61	59	59	64	64	55	63	58	63	65	62	63	62	56	57	57	56	58	61	55	58	55	55	62	56	55	63	59	62	56	65	59	63	57	58	65	65	63	60	58	55	60	62	63	60	59	55	60	58	64	55	60	61	58	58	64	60	60	55	64	65	63	55	62	55	57	62	55	64	61	63	58	60	63	58	59	59	59	63	56	58	65	61	57	57	62	61	57	63	59	60	61	59	59	56	64	64	56	59	65	60	63	57	62	60	63	55	55	62	59	61	55	59	64	60	59	59	58	59	62	65	60	63	62	65	56	56	57	62	61	

58	62	57	62	58	58	60	56	56	65	58	63	60	56	64	56	58	65	64	61	58	65	61	57	64	61	59	65	65	63	60	65	65	65	61	61	63	63	57	61	60	61	60	57	59	60	64	56	59	61	59	62	56	63	60	56	57	57	55	57	56	55	63	60	59	57	65	63	65	63	65	55	59	55	63	61	58	56	64	60	65	59	61	58	55	57	64	65	61	64	57	57	61	64	60	56	63	59	55	56	56	58	55	64	59	57	59	56	58	57	55	63	63	65	56	64	57	60	63	65	57	57	58	60	64	63	63	57	55	62	55	56	63	65	65	55	59	55	63	55	65	57	58	65	65	59	64	61	56	61	59	58	62	62	64	59	57	58	61	61	58	65	61	55	62	56	61	59	57	62	58	61	60	65	55	61	57	56	58	61	59	55	58	61	58	65	63	59	63	58	60	62	63	57	57	56	62	62	63	59	56	

59	59	64	62	62	65	63	57	64	63	58	57	57	57	55	57	56	55	59	62	65	56	60	60	61	59	64	63	56	65	61	61	56	57	65	62	62	59	64	64	65	63	61	64	57	57	57	56	55	65	63	60	63	63	59	59	61	65	55	63	57	59	55	58	62	55	64	57	63	59	64	57	64	58	65	65	59	55	58	60	57	59	63	60	62	60	55	56	65	63	55	62	62	62	58	60	60	56	62	56	64	62	56	58	55	62	55	63	63	63	55	61	60	59	61	57	65	65	62	56	65	64	57	61	64	58	63	59	58	57	56	55	58	61	58	56	62	64	61	56	65	62	57	58	56	63	65	59	65	58	55	59	65	56	60	63	64	55	63	60	62	62	58	59	61	59	60	62	63	65	60	61	60	58	57	61	55	62	58	55	65	57	63	56	64	63	58	56	63	63	56	62	56	62	62	63	60	58	56	59	58	

60	55	65	61	58	59	63	60	57	59	59	61	60	60	60	55	58	55	65	59	57	58	60	62	60	58	60	57	65	61	57	64	60	65	63	62	60	60	59	60	58	62	57	62	55	62	64	59	60	55	61	57	56	61	60	56	60	63	57	55	59	62	55	60	65	63	60	61	56	65	62	64	56	56	62	56	62	57	65	55	58	61	61	61	58	60	58	63	60	57	62	55	64	61	62	65	61	63	55	58	63	64	64	65	58	63	63	61	63	58	60	59	60	57	58	56	63	61	57	62	61	60	65	60	55	55	64	62	56	62	60	57	60	58	58	64	58	59	56	61	60	56	63	58	63	61	61	63	60	65	61	64	58	57	62	60	60	55	57	64	61	61	58	58	57	63	63	56	60	62	64	58	58	62	55	55	63	56	61	55	56	58	59	60	55	65	55	56	59	65	62	65	64	57	56	57	55	56	62	56	64	

61	58	65	57	65	59	57	61	62	62	62	56	62	65	63	64	58	58	61	55	62	60	58	55	55	58	61	57	65	62	56	64	61	60	57	62	55	64	57	64	63	63	56	58	64	63	62	63	57	55	64	65	55	63	60	60	62	64	55	58	55	62	56	65	55	62	58	55	57	56	61	56	56	63	60	61	65	59	61	65	59	56	55	58	65	64	61	59	59	57	64	62	59	62	58	59	65	55	60	59	56	58	57	62	56	64	62	63	65	55	58	55	64	60	58	63	61	58	65	64	65	62	55	56	56	59	55	58	64	55	65	62	64	65	60	55	55	55	58	58	61	65	56	61	60	56	62	60	64	64	58	60	61	59	61	59	55	59	60	60	56	57	59	65	65	60	65	65	59	64	56	65	65	60	55	64	55	55	57	56	57	61	58	60	59	64	56	65	60	65	64	65	63	57	57	61	58	59	65	64	58	

62	62	64	57	63	65	58	57	60	64	60	55	62	63	55	60	65	56	55	63	59	62	57	60	57	56	62	55	55	63	55	55	65	63	61	56	64	62	55	55	58	64	61	59	60	60	63	55	60	61	55	59	64	55	62	59	60	57	59	58	65	55	56	64	55	58	57	59	61	60	56	56	60	65	61	62	61	61	56	57	65	62	56	58	64	65	57	62	59	58	56	61	59	64	57	63	61	63	63	58	56	59	60	57	57	61	65	61	65	65	58	64	62	65	57	64	60	61	64	63	64	56	58	61	56	61	63	64	62	56	60	57	59	65	62	57	65	58	58	57	62	64	55	65	55	55	65	55	56	62	64	62	57	59	63	65	59	55	56	60	56	60	64	59	61	61	61	65	55	65	56	65	59	59	60	58	65	57	63	62	59	65	57	58	64	60	60	63	64	63	64	64	58	55	64	57	62	59	61	61	61	

63	56	64	64	56	65	57	61	64	62	55	62	58	56	56	65	64	59	59	63	63	64	64	61	58	57	63	60	56	57	55	62	55	60	56	61	61	59	56	59	56	59	56	62	61	62	56	64	61	58	59	59	63	59	62	55	64	59	55	61	58	64	64	62	61	60	62	57	59	59	63	55	57	57	55	63	63	56	56	56	58	64	60	56	56	59	63	59	56	57	64	59	62	61	62	60	63	64	63	60	55	55	62	61	64	65	55	60	55	60	65	56	58	58	59	63	58	59	56	65	61	62	63	64	64	60	58	60	65	57	61	57	64	65	62	64	62	60	65	59	55	64	56	63	57	61	58	60	65	62	61	60	60	60	58	57	56	59	64	58	55	60	57	63	60	58	60	65	62	63	59	64	59	61	62	64	57	61	58	63	61	62	62	55	60	55	65	57	58	57	63	57	60	58	55	64	62	59	63	60	57	

64	55	61	65	61	57	58	61	56	56	57	57	62	62	55	60	62	60	63	55	61	58	59	63	63	60	61	56	58	59	62	59	65	57	58	65	58	63	55	65	64	64	65	61	58	60	57	61	56	65	63	58	56	59	65	57	62	58	62	61	60	61	57	63	59	63	58	58	59	60	58	58	55	58	57	57	56	59	62	61	63	56	59	55	62	60	64	63	59	60	57	58	55	59	59	63	61	61	62	56	63	55	59	55	60	63	58	60	63	55	57	59	65	57	56	59	60	64	64	64	57	60	65	65	64	63	57	59	59	57	60	64	59	57	55	55	58	56	59	61	64	55	63	55	57	60	59	60	64	59	59	59	64	56	55	65	63	60	63	61	61	62	64	64	60	62	58	63	60	63	57	59	64	57	64	57	58	64	63	61	63	58	57	56	64	62	61	57	58	57	59	64	60	63	61	59	62	56	62	61	61	

65	62	62	60	64	55	60	61	62	58	59	65	55	64	55	56	57	57	63	64	55	57	59	60	61	55	63	62	62	56	55	63	62	55	63	56	60	62	59	55	58	63	56	64	56	56	57	61	56	59	62	59	61	63	56	56	63	61	64	61	57	57	61	55	55	55	60	60	60	56	62	59	59	56	63	64	57	58	59	59	61	63	56	64	63	57	62	59	65	65	63	59	55	59	60	63	64	62	55	60	63	62	59	65	59	55	62	61	57	59	56	61	57	56	57	64	65	57	58	58	64	65	63	59	56	63	59	65	64	56	58	57	62	55	55	59	56	58	59	57	65	63	57	60	59	61	55	62	58	56	57	62	55	58	59	55	64	57	59	58	60	65	63	63	61	64	65	55	62	60	60	55	59	62	63	60	56	61	63	62	60	59	57	60	58	58	55	55	63	64	65	58	57	56	57	55	64	63	64	63	62	

66	65	56	65	60	55	56	57	58	61	64	61	62	61	56	56	60	64	61	55	64	60	55	57	58	63	60	60	65	65	60	56	57	63	62	57	61	59	55	58	55	61	55	57	55	61	64	63	58	65	56	62	62	60	63	58	64	65	61	55	60	56	60	61	64	64	62	55	61	62	57	55	63	59	61	63	60	59	57	56	63	61	63	61	64	62	58	61	63	59	63	60	60	60	59	65	60	62	56	65	62	65	64	61	59	63	62	58	60	62	65	58	62	59	61	65	62	62	60	62	55	55	58	56	60	59	60	60	64	56	55	65	62	60	65	62	58	63	58	55	62	63	58	63	63	62	60	59	58	62	55	64	56	60	65	62	59	56	56	55	58	62	65	59	57	65	57	62	63	57	58	61	61	65	56	55	57	57	55	59	56	56	57	58	57	56	65	62	57	56	61	61	60	63	58	56	56	64	64	61	60	

67	61	56	63	57	61	60	56	64	63	59	62	57	58	55	57	62	56	63	56	59	64	64	61	57	63	58	55	60	59	56	60	58	57	60	64	59	62	56	59	60	58	62	58	63	57	65	62	59	60	65	59	58	57	64	58	62	59	56	57	55	64	62	56	58	65	56	61	65	61	56	57	58	59	58	58	56	57	56	59	63	60	55	60	57	64	62	60	61	61	61	55	55	60	60	56	56	61	64	56	65	65	55	60	64	61	56	59	60	65	60	61	61	63	56	57	64	60	63	60	56	62	56	63	61	56	65	62	65	64	63	61	64	57	65	60	55	60	56	64	59	65	64	63	58	58	60	58	55	58	55	58	63	63	60	61	58	58	62	62	64	60	55	57	57	60	59	58	63	65	60	58	59	64	64	55	55	63	62	59	59	59	63	62	61	56	61	55	56	55	60	60	65	63	62	64	63	60	56	64	59	

68	62	57	62	60	61	64	59	57	56	58	63	58	55	63	55	61	61	61	65	63	57	59	62	63	58	63	63	62	61	56	63	57	58	55	63	62	63	60	61	59	60	60	64	64	62	64	60	58	59	64	65	56	64	62	57	62	63	64	59	56	56	64	58	57	56	59	63	63	59	56	59	56	63	65	60	56	58	59	63	56	64	55	64	62	58	61	61	60	62	59	55	55	61	57	59	64	58	61	57	65	64	62	58	64	61	62	64	55	59	61	56	59	63	57	58	62	57	57	60	62	61	60	61	63	64	60	61	57	55	58	61	58	60	65	58	65	62	57	60	62	62	61	63	60	61	62	59	58	61	60	56	63	61	58	64	62	59	65	62	65	56	63	63	58	63	58	59	62	61	60	65	57	56	64	62	61	55	60	63	57	60	63	61	56	60	60	62	63	61	60	64	64	60	65	58	61	57	63	64	57	

69	57	56	58	57	63	64	60	64	55	63	56	64	63	59	60	56	63	58	58	56	59	55	56	61	62	58	58	62	62	60	65	62	55	61	57	57	59	57	63	62	60	65	61	57	60	63	63	65	62	61	64	57	59	55	65	64	62	55	55	56	55	63	60	56	64	62	58	62	55	62	63	57	61	64	58	64	61	55	59	59	64	57	60	63	59	55	65	59	65	57	55	59	62	57	56	59	63	62	61	61	63	55	57	63	64	60	63	58	63	58	60	57	56	55	60	56	60	56	60	63	61	56	61	57	63	59	61	55	61	64	65	59	65	59	58	61	56	61	65	57	55	58	62	64	61	62	63	60	58	58	64	64	65	55	64	57	60	59	57	57	65	64	63	58	63	60	62	58	56	56	59	55	57	63	63	65	64	60	56	63	57	61	55	57	55	56	59	56	59	56	59	63	62	63	56	62	56	60	55	55	

70	63	65	57	60	61	63	63	56	65	64	61	58	56	59	55	59	55	63	63	58	59	60	62	61	57	64	62	61	61	59	56	58	55	57	55	60	60	57	55	60	60	65	64	58	58	56	59	58	64	61	60	63	61	58	55	63	58	65	59	64	59	64	56	56	64	61	58	58	62	64	65	61	57	58	57	59	61	61	59	62	63	56	59	58	64	58	60	58	64	62	63	60	56	59	60	56	61	60	64	59	55	59	60	55	63	59	59	55	64	63	57	56	65	56	55	62	63	65	58	64	64	59	59	55	64	58	65	58	55	58	55	60	58	63	57	55	59	55	57	57	60	61	62	58	65	61	57	61	57	65	57	58	62	55	64	64	60	61	62	65	65	56	58	57	62	57	64	64	60	61	58	61	58	65	55	56	63	65	62	65	60	61	62	60	57	64	55	63	64	57	57	56	62	59	62	55	55	61	56	64	

71	65	65	59	59	60	57	59	64	60	58	59	61	60	62	62	59	56	61	58	55	65	62	65	59	63	55	56	56	64	64	57	55	60	65	63	56	61	62	63	62	65	56	60	58	63	61	62	63	56	62	61	56	60	60	63	62	61	62	55	65	57	63	62	57	59	57	62	65	60	62	58	62	64	57	62	55	55	55	64	58	59	58	65	56	65	63	65	65	62	61	57	60	58	58	58	60	62	59	62	62	55	65	57	55	60	60	55	59	55	61	59	64	57	57	59	65	64	59	55	58	65	64	64	61	64	63	60	61	63	57	61	55	64	62	60	62	55	63	61	65	55	60	65	63	62	65	57	62	62	62	59	63	58	63	64	57	58	64	57	59	59	57	62	64	63	59	63	64	60	65	57	57	58	63	62	55	65	58	58	55	57	63	61	63	59	57	61	56	63	56	64	64	59	61	57	55	63	55	59	61	

72	64	56	58	62	61	58	59	64	62	55	64	56	65	65	64	59	62	57	63	65	55	63	65	62	60	65	58	62	59	58	61	65	59	59	58	64	63	56	57	55	64	58	57	63	61	61	64	62	60	63	61	57	62	63	65	60	65	57	60	57	58	61	63	65	55	64	60	58	65	65	64	63	65	64	55	55	59	55	65	59	65	58	61	60	55	61	55	63	57	61	59	55	64	60	64	57	59	64	56	63	59	63	63	60	62	58	55	55	63	65	57	55	59	61	63	65	62	62	64	55	59	55	60	65	58	59	58	61	59	63	56	64	56	57	63	58	62	61	61	57	63	61	58	61	58	60	64	59	64	58	58	61	62	64	61	61	62	62	63	61	63	56	65	61	59	59	59	55	57	57	65	55	62	60	58	63	65	59	56	60	61	57	55	60	55	58	56	62	58	57	64	58	65	64	58	61	60	59	59	57	

73	58	58	64	62	57	58	58	55	55	59	64	64	60	62	60	62	57	55	57	65	63	63	64	56	61	59	64	63	60	55	56	62	61	65	58	58	61	56	57	60	55	63	64	61	61	64	57	64	64	55	62	58	55	55	64	61	56	56	57	59	61	64	60	64	55	63	57	65	55	63	57	58	59	62	61	55	65	64	61	58	56	63	63	64	61	63	65	55	58	65	60	59	55	61	63	60	62	63	58	59	62	58	55	60	65	64	58	59	56	55	63	64	60	56	58	63	55	64	62	56	63	57	57	59	60	65	58	58	59	58	55	56	59	57	62	61	55	57	60	55	62	64	59	57	59	56	58	60	62	57	61	56	64	64	57	57	58	62	55	60	65	56	57	65	63	63	59	63	64	61	60	65	60	63	55	63	57	63	62	60	64	58	63	63	61	65	64	58	60	60	63	57	60	60	57	56	57	56	56	58	

74	60	60	56	57	65	61	60	61	61	59	64	56	55	55	57	60	57	56	63	57	60	56	63	60	64	58	61	58	62	64	55	56	55	61	58	57	58	65	63	58	64	65	65	64	56	65	57	57	60	63	59	61	64	58	60	62	64	55	65	61	55	58	55	55	62	59	63	64	55	63	65	65	60	59	61	56	64	64	60	62	58	61	64	55	55	58	55	60	65	63	58	62	56	65	63	59	61	56	62	57	60	64	57	55	62	57	55	60	56	59	61	56	60	58	56	56	61	61	55	62	62	57	55	59	55	63	63	65	65	65	64	60	62	64	61	55	61	60	64	58	62	58	60	61	62	55	64	65	60	58	59	55	62	65	59	57	55	64	63	59	59	64	65	59	63	57	63	60	57	61	64	55	63	63	55	61	57	55	63	58	61	63	58	64	59	63	63	59	61	60	55	58	59	58	57	61	63	59	61	62	

75	61	58	64	55	62	59	58	59	62	56	63	63	58	58	55	55	65	63	60	61	58	63	61	65	56	65	62	65	61	57	57	58	58	64	62	62	64	63	55	60	55	55	55	61	64	57	57	56	62	63	61	64	61	63	55	63	56	59	57	55	61	58	61	58	59	64	57	62	62	57	55	58	63	65	56	61	63	58	57	60	65	58	59	55	65	64	56	59	58	63	56	56	65	59	64	63	60	64	64	56	55	56	57	64	62	60	60	58	55	57	64	57	57	63	57	57	55	60	55	62	65	64	62	59	57	65	63	63	60	58	62	55	63	55	63	58	62	60	65	56	59	65	59	65	57	62	60	61	57	63	60	56	55	58	61	55	58	61	58	65	62	56	62	63	64	64	56	61	59	60	65	59	61	58	58	63	59	56	61	63	62	57	65	60	59	63	61	56	61	62	59	63	63	56	61	62	65	64	57	59	

76	59	56	61	56	55	56	58	57	56	55	55	56	63	57	59	60	56	63	59	58	56	62	64	59	59	56	58	64	55	57	57	64	58	58	55	57	61	62	63	65	64	61	56	56	57	56	58	64	57	59	57	57	60	56	62	56	58	64	63	60	63	63	56	57	58	55	58	65	55	62	61	57	55	59	56	64	65	56	55	62	58	63	61	62	57	56	56	56	56	56	65	60	60	60	56	58	62	64	63	55	59	55	61	56	60	62	63	55	60	55	64	59	57	63	64	64	56	57	58	61	62	65	56	59	55	64	65	59	63	65	65	55	57	61	60	64	61	65	56	60	55	56	61	60	61	62	65	62	61	64	57	64	61	57	64	64	57	65	60	61	58	56	60	63	64	57	64	59	60	61	64	64	55	63	55	62	57	56	59	59	60	61	62	65	60	60	60	56	61	58	57	58	55	64	55	62	58	56	65	65	

77	56	56	62	57	62	55	59	64	59	59	62	62	56	60	61	60	55	60	65	58	57	65	58	60	64	62	64	59	58	65	62	57	55	61	64	57	58	64	57	63	64	56	56	58	57	57	61	64	64	61	57	65	55	58	61	63	56	64	60	63	61	63	61	63	64	64	59	56	65	61	58	61	57	56	55	57	57	63	63	63	65	65	62	59	59	56	55	63	61	62	65	56	57	55	59	61	60	57	63	59	55	61	60	65	63	63	63	56	60	65	63	62	59	60	55	64	62	62	65	59	58	60	55	62	64	65	64	58	55	64	58	57	55	56	62	64	57	55	61	65	59	59	65	64	57	57	63	58	57	57	64	65	60	65	55	61	63	64	60	60	63	58	60	62	64	55	62	59	57	56	62	59	63	65	61	58	55	63	61	61	56	55	63	62	65	56	58	57	57	59	64	64	55	64	61	65	60	56	56	62	

78	55	64	57	55	62	56	58	55	59	64	64	62	55	55	64	62	65	58	55	56	62	64	64	63	58	62	56	60	56	57	61	55	62	55	56	61	56	62	63	63	56	56	58	64	64	65	63	60	57	57	56	61	60	56	65	63	55	61	63	57	63	58	61	65	61	63	58	60	57	63	62	64	61	60	63	65	56	56	59	55	63	63	61	62	64	65	60	58	63	63	58	55	60	55	63	63	65	64	61	64	56	62	61	55	57	65	62	64	58	62	60	65	55	58	55	55	60	58	63	56	57	65	61	63	55	62	56	58	59	57	65	60	57	61	57	61	63	58	59	65	59	61	63	64	60	57	65	55	65	62	63	65	62	59	61	58	62	59	65	57	63	59	60	55	62	64	55	57	63	61	62	65	63	55	55	59	57	59	64	63	61	65	61	57	62	57	64	65	55	57	63	62	60	61	64	57	57	63	57	63	

79	56	60	62	62	57	57	65	55	64	65	58	63	61	65	61	55	55	58	62	62	57	61	65	55	56	64	60	64	56	55	62	64	61	63	57	57	60	60	55	57	58	58	65	60	63	64	60	60	63	62	63	63	62	61	64	65	57	65	63	64	62	61	56	62	63	55	55	57	60	62	61	65	59	57	59	56	65	56	55	61	60	63	56	61	64	60	58	63	65	56	62	56	59	61	57	57	58	65	64	55	61	60	59	60	62	61	57	62	57	61	64	58	59	61	56	65	59	62	62	65	65	63	57	61	55	63	59	63	63	64	57	62	63	60	63	57	62	62	57	58	57	61	59	55	61	60	57	56	64	62	61	61	55	56	60	60	55	62	62	62	63	62	61	57	60	64	58	62	61	65	59	58	55	60	57	62	61	61	57	58	58	57	63	62	56	63	62	60	58	55	58	57	58	59	60	58	56	59	60	64	

80	61	62	60	55	55	59	59	62	58	62	65	63	63	61	62	58	59	59	56	62	60	65	61	60	56	57	58	58	56	61	63	60	58	62	58	57	60	57	59	59	64	65	63	56	55	60	60	60	60	59	56	61	64	59	63	60	60	64	64	64	64	55	58	60	63	61	64	61	61	64	56	62	56	63	62	56	59	56	64	58	57	62	61	55	60	63	56	62	57	59	56	61	56	59	58	59	59	61	56	57	57	57	60	56	64	57	56	60	63	59	60	56	56	57	59	57	62	65	65	62	61	56	62	62	60	62	55	58	61	60	57	63	65	62	63	61	65	63	64	61	61	63	61	57	64	55	62	55	61	59	60	62	55	57	58	56	61	58	60	64	63	65	61	60	58	60	65	62	63	63	61	61	58	61	65	57	60	63	62	60	56	62	65	65	63	55	62	56	62	64	61	56	63	62	55	64	60	62	59	65	

81	56	64	63	62	65	60	58	58	59	61	55	59	56	61	55	55	59	59	65	58	62	55	63	58	59	64	64	58	62	63	59	64	59	63	58	62	56	57	61	56	56	62	60	59	55	60	55	55	57	57	58	61	61	63	62	60	64	59	64	63	59	56	65	57	58	56	59	62	58	59	60	64	57	56	59	56	56	60	61	59	57	65	63	64	60	60	65	55	61	64	64	56	62	60	63	63	62	59	63	60	58	57	59	58	64	55	61	61	65	57	63	56	64	62	64	61	56	55	62	59	64	61	59	63	62	55	62	55	63	60	58	56	63	55	55	62	55	59	59	63	64	57	63	61	57	55	61	55	65	57	57	65	62	61	56	62	64	55	58	58	62	62	64	58	62	64	58	60	64	64	65	62	61	58	63	56	61	55	56	64	61	56	58	60	56	58	57	65	65	56	60	65	57	55	62	64	59	57	64	62	

82	61	61	65	58	57	60	63	58	60	55	62	60	60	63	65	56	57	57	55	65	60	60	56	55	61	59	59	62	59	60	55	58	65	59	65	59	59	64	58	55	63	63	60	55	57	60	55	58	59	63	60	58	63	56	57	60	58	65	55	62	63	63	61	58	55	65	60	60	59	58	59	56	58	56	60	59	55	58	57	55	55	65	63	55	64	60	60	64	61	55	65	63	55	65	58	56	57	55	58	63	55	58	59	61	63	55	60	62	64	59	65	63	56	56	59	56	63	64	62	63	65	61	63	62	57	55	63	57	63	59	63	65	58	62	65	65	63	60	63	57	65	57	57	61	58	62	59	62	65	62	58	63	64	60	63	55	62	57	64	65	65	56	57	59	56	57	59	65	61	55	59	65	55	58	64	56	62	64	56	59	58	58	65	55	63	63	65	55	57	64	56	59	57	60	64	63	63	56	57	55	

83	56	60	64	62	59	59	58	60	57	55	61	65	63	57	63	56	57	60	61	59	59	64	56	57	63	57	65	62	57	65	56	55	55	65	59	58	61	60	57	57	56	55	63	61	61	56	59	58	58	62	58	56	60	62	56	63	58	57	65	61	65	62	63	56	59	61	60	63	65	64	57	55	61	64	58	55	64	59	58	64	55	65	60	59	59	58	63	55	61	55	65	64	63	59	59	65	56	59	59	58	61	60	59	58	63	63	55	56	61	55	60	56	64	59	56	63	60	59	56	61	55	55	61	64	56	56	61	56	60	57	63	64	60	58	60	61	62	59	58	56	59	60	57	58	55	55	55	65	57	63	61	55	62	56	55	59	65	64	56	60	58	58	59	64	56	60	58	63	65	59	64	58	55	55	61	63	63	59	62	60	56	60	62	59	57	58	65	64	62	60	59	57	55	58	58	60	58	59	56	64	

84	61	56	63	65	56	61	63	61	59	58	60	57	65	61	59	64	62	56	62	58	61	65	57	60	58	62	55	56	63	60	56	62	65	64	55	61	63	56	65	60	56	59	59	62	55	62	57	55	56	63	57	59	60	61	65	59	57	64	63	55	65	60	63	55	56	65	59	59	62	57	62	58	57	63	58	62	56	56	59	57	60	61	58	60	56	64	65	60	65	60	61	64	65	59	58	65	59	57	58	57	61	61	58	65	56	58	57	62	61	59	64	62	61	60	59	62	63	58	59	61	58	59	57	64	60	57	65	62	55	64	59	62	55	62	59	64	61	63	65	62	64	56	55	56	55	59	65	55	58	62	62	63	55	61	62	65	57	56	63	59	65	57	62	61	63	64	55	58	65	61	56	58	60	61	57	63	55	59	58	56	57	56	59	55	57	57	65	64	55	62	63	58	60	60	65	60	59	59	64	56	

85	61	62	58	56	55	56	62	58	57	55	56	61	55	61	63	55	56	61	64	55	57	59	60	59	57	55	63	64	60	59	63	57	64	64	60	59	64	62	56	62	61	59	58	62	65	57	57	56	59	60	58	55	58	55	64	56	59	63	57	59	65	65	65	55	57	56	60	60	61	59	62	58	58	56	55	62	65	57	58	56	57	57	64	64	56	62	63	61	59	55	60	62	57	55	57	62	58	61	64	58	57	61	56	65	65	62	65	58	56	56	58	62	58	61	63	60	61	60	58	61	62	56	59	59	64	55	63	59	56	64	65	61	57	55	56	59	64	56	56	63	63	60	65	57	56	65	62	56	58	60	55	63	55	58	55	60	65	64	60	60	63	64	58	65	63	59	65	57	62	61	63	56	59	56	56	57	60	62	59	56	65	57	63	64	63	61	59	55	62	55	61	60	58	56	57	58	55	58	59	62	

86	63	57	61	62	59	59	57	65	61	60	57	64	62	56	57	64	56	63	62	61	64	56	57	60	59	55	65	64	62	65	57	65	57	61	62	58	65	60	55	56	61	58	57	65	65	57	59	63	57	64	65	58	57	62	56	61	60	61	65	61	61	55	56	63	64	65	61	64	59	65	62	64	55	60	59	58	58	64	58	63	62	62	56	57	57	58	65	57	65	63	55	58	64	55	55	59	59	65	56	57	55	56	63	60	62	62	55	57	59	61	62	58	58	58	56	62	55	61	61	64	65	61	59	57	65	62	64	64	61	61	55	60	64	62	58	65	55	63	61	56	59	56	65	65	65	58	60	57	63	55	62	63	63	58	57	58	63	57	62	59	55	57	65	58	55	62	62	61	64	57	59	58	58	56	57	55	60	65	57	60	60	55	62	64	56	58	60	61	62	63	65	61	55	58	65	61	58	57	57	57	

87	59	55	65	60	56	60	60	56	57	57	57	64	57	59	65	62	60	62	65	58	65	63	63	61	59	59	55	60	56	59	63	63	60	60	63	56	60	55	61	59	55	63	65	58	65	56	64	56	60	55	59	61	59	62	56	65	60	64	55	61	61	64	64	57	59	56	65	64	61	58	58	57	55	62	63	55	60	61	63	64	65	62	61	60	63	56	57	55	62	64	57	61	63	55	56	63	58	57	57	59	64	58	63	61	64	65	61	61	57	60	63	61	56	57	59	60	59	61	60	58	63	64	59	57	55	61	56	57	63	62	58	65	56	55	63	56	55	59	61	65	60	58	56	61	64	56	57	56	65	65	64	59	63	56	61	61	64	62	61	60	62	56	60	57	63	62	60	56	61	56	56	64	57	65	64	64	62	56	64	65	65	59	60	57	60	63	59	57	62	63	61	56	58	65	62	57	61	62	56	64	

88	62	64	56	60	62	62	60	62	63	59	57	55	58	58	63	64	58	56	60	58	61	56	55	57	61	58	59	60	55	55	60	55	56	60	57	55	62	61	60	63	65	56	60	60	63	64	55	59	65	61	55	55	58	57	56	59	58	59	63	65	64	55	58	55	62	58	65	62	57	65	56	58	57	59	55	55	57	59	59	56	56	63	62	60	58	58	64	58	55	61	64	63	57	64	64	61	61	61	59	65	61	65	65	55	60	63	58	62	57	61	58	62	63	63	57	65	56	63	58	65	65	57	64	55	62	59	58	63	61	58	62	58	61	63	61	65	57	61	58	60	63	58	56	64	65	60	60	63	56	65	64	65	65	56	57	63	65	62	59	61	58	56	62	64	55	57	55	62	60	61	61	62	56	65	59	60	58	57	56	64	57	65	62	65	62	57	65	56	59	62	62	61	56	65	58	61	64	56	61	63	

89	57	62	65	60	61	61	56	64	56	62	60	60	63	61	63	62	63	58	65	56	59	59	65	63	60	65	62	56	65	58	56	56	60	59	55	64	55	61	61	57	64	62	62	61	56	59	62	60	61	55	59	61	60	63	62	64	59	63	58	56	58	56	59	55	60	59	61	55	61	62	55	59	65	63	56	58	57	60	65	57	57	65	62	62	62	60	60	64	59	63	61	63	55	63	65	65	56	57	62	59	59	57	65	59	56	63	59	62	62	56	62	59	65	64	58	65	57	59	62	55	61	64	64	61	64	64	59	64	58	64	55	56	63	56	55	59	64	55	58	61	58	57	60	59	56	60	58	57	57	61	60	60	57	62	60	60	63	56	61	65	63	59	56	55	63	65	55	65	55	60	59	61	65	61	58	61	62	61	59	58	59	59	65	61	62	62	65	63	63	65	63	57	62	63	57	59	61	62	56	59	

90	63	59	62	61	59	56	58	61	62	62	59	55	65	63	57	65	64	58	57	62	61	55	59	62	62	65	56	57	57	58	60	61	64	64	56	59	59	57	56	61	59	62	56	59	57	57	62	61	65	64	55	61	58	61	55	63	62	58	62	63	57	58	59	60	63	58	61	64	59	64	55	56	61	59	57	58	56	58	56	55	62	62	59	56	55	62	61	60	59	65	63	58	63	55	62	62	57	64	65	60	57	61	61	64	59	58	65	56	64	56	56	58	60	58	57	63	55	56	56	64	59	63	59	59	64	59	61	58	55	57	59	61	65	59	60	58	59	61	64	60	59	59	64	62	60	65	64	61	65	58	59	57	56	55	62	65	60	59	62	57	61	55	63	65	58	55	56	59	60	60	56	56	63	59	59	65	63	61	62	56	58	57	58	60	65	57	63	62	55	55	64	59	55	63	62	55	65	56	57	64	

91	56	65	61	63	65	63	61	56	64	65	61	60	62	61	65	63	63	57	60	57	58	63	65	64	64	60	59	56	58	64	55	64	65	61	60	62	57	58	62	57	64	65	58	61	59	58	62	57	61	65	61	55	59	61	59	65	57	59	60	63	60	60	64	59	63	57	63	64	65	55	64	61	65	59	57	55	60	57	58	55	58	56	59	64	57	64	65	59	62	56	61	65	65	63	55	65	64	58	62	61	56	59	58	58	59	58	65	59	59	59	59	60	65	55	60	62	57	56	56	65	62	60	57	61	60	55	65	62	62	55	61	63	64	65	58	61	57	55	64	59	58	55	63	60	59	62	59	61	57	55	63	58	57	57	56	57	61	60	59	63	58	63	58	59	64	56	63	56	61	56	63	58	60	55	59	65	61	65	58	55	63	59	59	65	59	61	64	60	61	60	59	64	65	62	60	61	62	61	63	55	

92	61	65	60	64	59	65	60	65	58	58	63	59	59	65	58	57	63	59	62	60	58	64	59	62	59	57	57	55	60	58	58	59	58	56	59	63	57	58	62	58	64	61	59	60	59	61	60	57	56	63	59	57	65	65	59	60	63	63	63	61	55	59	56	60	63	64	60	65	59	63	57	61	64	55	56	55	64	63	64	55	65	61	59	58	62	55	58	62	64	64	62	59	65	65	62	64	60	60	55	60	60	55	62	61	62	60	61	57	65	58	65	61	58	63	55	65	59	64	58	64	63	56	56	63	57	59	61	58	65	65	59	61	57	56	59	65	55	60	58	62	57	55	56	60	55	60	57	61	61	61	55	59	62	56	56	55	57	65	58	57	63	60	58	58	58	62	61	59	65	56	58	65	59	65	63	57	63	60	57	57	64	65	60	64	64	58	65	63	55	64	57	60	55	61	65	65	55	59	60	58	

93	59	60	63	62	64	57	64	60	58	63	61	57	63	62	59	57	56	65	55	64	61	56	57	62	63	64	55	59	59	57	60	63	58	57	59	58	63	57	57	63	58	56	56	63	58	62	55	57	58	57	55	61	59	60	60	56	63	63	65	55	62	59	60	56	55	60	60	56	61	61	65	60	61	62	56	65	61	57	60	64	65	61	65	64	62	65	60	61	60	65	63	60	61	63	56	55	59	58	58	59	57	61	65	55	57	58	60	59	58	62	56	58	65	59	60	56	62	56	63	64	59	59	65	62	56	62	61	65	59	63	61	56	61	62	56	56	55	60	60	63	55	63	58	57	61	62	60	60	58	58	63	62	61	64	61	63	62	56	56	64	58	57	63	62	59	63	56	59	65	65	58	65	60	59	58	59	64	59	57	63	58	59	63	64	60	55	57	56	55	55	62	64	57	64	65	57	63	55	55	60	

94	56	62	58	60	60	55	64	59	57	55	59	55	62	63	61	60	59	61	61	57	62	58	63	55	64	63	56	64	63	55	58	59	59	62	58	63	64	55	57	58	64	65	56	62	58	59	56	62	60	58	56	60	56	56	62	60	58	65	62	58	64	55	55	62	64	56	64	62	59	61	64	65	64	55	58	60	60	58	58	65	62	56	64	65	62	58	56	62	59	63	58	64	60	58	62	65	63	61	61	63	65	64	57	63	62	61	56	61	57	65	60	59	61	55	57	59	55	64	61	64	60	62	64	64	57	59	65	63	56	60	59	59	56	59	60	62	57	59	58	64	65	63	60	58	57	64	64	63	58	58	55	55	59	59	62	61	63	64	59	55	61	60	58	57	63	56	61	63	63	59	57	56	60	65	59	58	56	58	63	63	62	63	57	56	59	59	63	56	55	63	59	55	57	65	57	65	55	59	61	64	

95	64	57	62	57	59	55	57	56	56	64	61	60	57	59	57	56	55	63	62	63	56	61	57	65	59	62	64	57	55	56	57	65	55	63	63	57	64	65	58	61	55	65	59	56	59	56	56	61	55	63	64	64	62	58	59	58	63	62	58	62	57	62	57	63	64	64	59	64	61	61	63	62	60	65	58	56	63	55	64	59	57	56	57	61	65	63	59	60	59	55	57	58	59	61	58	57	61	58	58	63	57	59	65	56	64	62	61	59	64	57	57	56	64	62	63	65	59	57	60	60	58	60	58	61	60	65	61	63	60	56	65	63	64	64	62	58	65	65	63	59	56	58	58	64	56	63	60	58	59	64	64	62	65	57	57	62	65	55	59	61	59	65	62	60	64	64	62	55	65	58	62	60	60	59	62	64	63	63	63	62	58	62	55	58	65	62	58	65	60	58	62	59	55	64	61	55	58	59	65	63	

96	58	59	64	56	57	63	62	56	63	59	63	65	62	63	57	60	55	64	56	57	55	56	65	55	62	58	63	56	62	64	61	63	64	62	62	62	59	58	55	65	60	59	60	60	58	60	61	65	58	59	57	65	58	64	64	56	55	55	65	62	64	55	63	58	56	64	59	62	56	56	59	60	58	60	65	56	56	62	58	63	65	61	62	56	61	62	65	61	63	58	56	62	59	56	59	59	64	58	61	63	55	65	59	57	65	58	55	62	65	58	64	55	62	59	61	57	56	63	65	61	57	55	59	58	61	60	57	58	56	57	58	62	61	62	60	59	57	62	56	58	62	60	63	65	59	56	57	55	55	64	65	61	64	55	60	57	56	56	60	64	59	65	65	65	61	65	63	62	65	65	61	63	58	56	55	56	55	63	60	65	64	63	60	56	56	62	59	63	57	60	65	58	56	58	56	63	64	58	62	59	

97	64	61	59	65	55	62	63	55	62	57	57	60	62	57	65	61	59	60	61	62	60	62	56	59	65	60	59	65	58	64	62	57	64	65	57	60	56	58	59	55	64	55	55	62	59	64	65	56	59	59	62	62	65	59	62	55	58	61	55	64	62	60	59	56	55	57	65	55	57	64	58	62	62	59	57	65	55	62	60	55	57	64	61	58	63	56	62	57	58	64	62	63	65	60	60	65	64	63	58	65	55	62	63	55	58	59	56	59	56	60	62	59	64	60	59	63	55	59	64	63	57	59	62	62	64	56	55	60	62	60	64	61	55	55	57	61	59	60	59	59	60	62	55	60	59	65	56	62	56	62	59	63	55	58	57	62	58	55	56	58	58	62	64	55	65	60	56	62	60	60	62	59	61	58	56	64	58	64	62	59	57	62	64	61	63	55	59	57	59	60	64	62	62	65	57	61	63	55	62	60	

98	55	56	63	60	63	60	63	59	64	60	62	57	55	62	64	62	60	59	59	59	57	65	63	65	61	62	57	56	62	62	60	59	56	60	64	65	57	63	65	61	60	64	56	61	60	55	55	61	56	60	58	60	55	59	58	63	62	65	65	55	59	56	60	60	64	61	55	58	61	58	56	55	64	65	63	56	58	55	60	55	59	55	59	65	61	56	55	64	62	59	62	56	62	63	57	55	58	62	60	63	61	61	65	58	60	64	62	56	65	55	58	57	56	60	58	58	63	58	59	55	61	62	59	61	56	62	57	64	64	62	55	57	62	64	60	56	59	56	60	58	60	57	55	65	60	59	61	62	56	59	58	65	65	55	60	60	64	65	65	56	57	63	61	59	61	62	64	55	63	64	58	59	59	60	57	58	64	63	65	55	60	55	55	65	65	56	62	60	62	60	62	55	62	58	58	55	56	59	55	61	

99	59	57	65	64	57	57	56	59	61	55	62	55	58	63	62	60	55	59	55	65	63	62	65	58	56	58	55	60	55	59	58	65	62	63	63	60	64	60	55	60	61	64	59	58	60	65	60	57	58	55	64	63	56	65	64	65	62	59	60	56	57	55	61	57	56	60	65	57	63	57	62	58	56	58	62	63	59	61	56	60	57	60	57	58	61	65	65	59	59	62	57	60	56	65	58	62	59	58	55	56	57	55	65	63	64	59	58	63	63	61	64	57	59	60	63	62	60	58	64	55	64	55	62	57	55	58	57	59	63	57	63	63	58	63	59	61	62	64	59	56	56	63	62	58	59	59	63	55	58	62	57	62	55	57	64	65	64	64	64	59	64	62	64	56	60	63	65	65	63	63	60	61	55	61	64	62	60	61	55	60	55	65	61	65	59	62	59	61	57	65	65	63	61	58	64	62	56	65	57	61	

100	61	60	64	61	57	65	61	63	57	56	62	64	55	55	59	64	63	60	57	57	61	57	57	62	57	64	57	63	62	57	58	61	64	59	65	61	65	59	65	62	56	61	59	61	55	64	56	56	60	61	64	56	56	62	63	63	62	65	59	57	55	57	64	59	64	61	58	57	56	57	57	57	62	57	64	55	57	55	59	65	63	55	60	59	59	59	58	61	63	65	65	57	59	60	65	59	63	64	57	56	60	61	65	64	64	58	64	60	65	63	60	60	61	55	59	65	58	64	63	60	61	63	65	63	60	63	59	61	61	63	57	57	58	58	56	60	64	58	65	59	61	59	55	60	56	62	63	64	55	65	62	58	55	63	65	61	56	63	61	55	56	65	64	61	58	65	58	65	64	61	55	65	58	62	57	58	63	65	63	57	58	64	55	58	56	56	58	59	58	62	55	63	56	59	59	60	62	62	62	63;
param cFD : 1	2	3	4	5	6	7	8	9	10	11	12	13	14	15	16	17	18	19	20	21	22	23	24	25	26	27	28	29	30	31	32	33	34	35	36	37	38	39	40	41	42	43	44	45	46	47	48	49	50	:=
1	43	42	41	35	41	37	38	42	36	43	40	41	41	38	42	36	36	40	44	43	41	43	38	36	40	38	41	40	39	37	39	39	39	40	39	38	35	39	37	42	42	40	43	42	45	40	45	38	40	40	42	39	41	45	36	42	38	40	40	44	35	38	42	41	45	37	45	37	44	42	40	43	35	36	42	42	39	41	43	45	42	38	43	36	35	40	35	36	44	43	43	39	35	41	40	35	40	39	37	39	
2	41	42	42	40	38	43	39	42	38	35	36	40	43	37	35	35	36	42	38	35	40	40	40	39	36	38	44	42	41	42	38	35	45	40	35	44	35	39	40	41	43	42	40	35	36	45	37	38	41	41	36	41	45	38	44	45	37	37	39	43	44	37	43	42	39	37	42	36	37	36	41	35	36	41	39	35	42	39	44	36	45	35	35	40	43	45	37	38	43	40	43	42	42	43	35	37	37	41	42	41	
3	39	37	37	42	36	43	36	35	42	36	45	40	41	45	35	41	42	40	35	39	40	43	35	39	45	40	38	39	43	37	36	39	45	45	37	35	36	40	36	40	36	44	39	39	38	42	41	44	43	44	42	39	45	41	38	40	40	39	37	35	39	40	38	36	37	43	40	42	44	37	42	37	39	35	40	37	43	40	35	37	42	39	37	45	36	43	45	36	41	35	38	38	40	44	44	42	38	43	41	35	
4	35	36	43	35	40	45	37	37	35	42	42	40	37	42	39	37	37	39	40	44	45	39	35	40	35	43	41	44	38	37	40	39	39	45	45	44	44	38	36	45	42	40	45	42	43	40	41	36	45	44	36	35	38	36	36	40	35	41	44	40	42	43	42	35	37	42	38	35	36	45	37	39	41	36	35	42	43	42	35	41	45	45	39	40	44	45	41	42	40	40	36	45	41	38	40	42	42	36	41	41	
5	42	40	41	41	39	36	40	43	35	35	40	38	35	37	36	39	41	41	41	45	43	40	40	42	42	39	40	40	42	40	38	41	38	42	40	45	37	39	41	43	45	42	44	40	37	36	44	37	42	35	45	38	44	38	45	40	36	39	42	39	36	43	36	39	38	38	43	38	38	35	41	40	37	36	45	44	40	39	43	36	36	35	36	40	39	44	39	39	42	38	35	43	44	45	44	43	36	41	35	43	
6	40	44	38	44	41	39	43	40	45	39	41	43	44	38	37	43	42	44	35	42	44	38	35	36	39	36	42	41	43	44	43	41	44	44	40	36	39	39	42	36	35	36	40	42	37	39	45	41	42	44	38	44	43	39	35	40	40	39	40	43	45	38	36	36	35	45	39	37	45	44	37	36	37	38	41	39	41	39	39	39	41	39	36	42	45	42	39	44	44	43	39	35	40	42	42	42	43	39	38	39	
7	38	42	36	38	42	44	38	36	41	35	45	39	40	38	37	38	44	36	41	35	40	39	36	43	42	35	43	41	38	39	38	40	42	44	37	40	39	35	35	37	41	44	39	44	38	36	38	45	41	39	40	41	45	39	35	39	41	43	44	36	36	42	44	41	42	45	35	45	37	45	40	38	42	41	44	44	42	43	42	38	40	42	38	44	39	45	38	45	36	39	44	45	38	40	40	43	45	42	37	45	
8	41	36	37	44	37	36	44	41	41	44	42	39	44	42	36	35	42	41	40	41	35	38	44	39	42	41	35	43	38	39	36	36	44	45	41	35	42	40	41	44	39	42	37	40	37	45	37	45	40	36	45	44	37	35	43	35	45	42	41	36	36	44	40	42	40	40	36	44	42	38	39	39	44	37	36	43	42	37	44	35	36	37	38	43	42	42	41	38	36	38	36	37	42	39	44	41	38	39	42	44	
9	43	44	38	37	36	40	35	45	43	36	36	39	43	37	39	35	45	36	37	40	43	37	37	38	39	37	45	43	41	41	38	44	37	36	43	42	35	43	36	44	42	38	39	37	38	35	45	43	39	43	44	44	36	38	45	38	38	35	41	43	44	40	43	42	39	38	38	38	45	41	43	36	43	37	41	44	38	41	36	39	36	37	36	37	43	35	40	45	37	37	42	35	44	36	36	43	45	35	35	44	
10	36	43	37	39	41	42	35	45	43	39	35	36	45	44	42	44	37	42	41	37	37	35	39	39	45	35	40	39	44	43	41	38	41	42	42	37	35	45	37	42	41	39	36	39	36	41	40	40	44	35	38	36	38	44	45	44	45	43	43	44	39	42	42	43	40	37	39	45	40	39	40	37	44	45	36	40	42	38	39	43	35	38	37	43	38	42	39	43	42	41	41	43	35	41	38	40	40	40	38	44	
11	36	39	39	44	35	40	43	38	45	45	45	43	38	43	37	41	40	37	37	41	40	43	41	45	43	41	36	36	40	37	41	38	42	35	44	44	38	36	43	42	39	41	41	40	41	45	41	37	35	41	38	35	36	41	39	41	43	39	39	39	35	41	39	36	38	42	41	44	40	45	35	40	36	45	41	42	36	40	35	39	45	39	44	45	41	36	44	37	42	42	45	40	36	36	38	45	41	44	35	45	
12	45	40	38	40	39	44	37	39	43	43	42	42	42	38	36	42	45	36	35	36	36	37	42	42	40	38	40	38	36	44	39	36	42	45	44	42	37	36	35	36	36	38	41	45	37	35	35	44	44	45	41	36	40	43	45	41	41	40	43	38	36	40	39	44	45	35	38	40	44	44	37	43	44	39	42	39	40	40	36	39	43	37	38	37	43	41	42	38	36	37	40	40	36	45	39	35	36	41	45	36	
13	38	38	38	36	38	39	42	41	35	38	35	40	40	38	37	39	42	38	35	45	36	38	45	38	36	45	36	35	45	43	37	36	37	39	37	38	41	44	44	42	41	43	44	44	43	37	45	37	39	38	43	45	43	39	42	40	36	37	44	40	45	44	38	41	45	40	44	35	37	45	43	44	35	40	39	45	37	37	41	44	41	35	43	43	42	35	44	35	45	37	40	42	43	45	42	45	36	43	38	40	
14	45	42	39	36	44	37	41	39	37	43	37	42	38	40	39	41	42	35	44	39	40	45	43	43	43	39	39	37	42	37	42	39	38	38	38	42	45	43	44	35	45	35	39	36	43	35	41	45	36	40	35	41	39	40	39	39	41	45	42	41	35	38	39	43	41	41	37	36	36	38	43	37	37	39	42	40	35	40	39	36	40	36	37	39	38	45	44	38	39	43	45	38	41	41	36	40	40	43	35	37	
15	36	39	39	37	36	44	37	44	43	45	37	38	41	42	40	40	38	44	39	35	45	45	41	45	39	41	43	39	35	40	36	41	45	42	37	41	44	38	38	45	45	41	38	40	35	43	42	41	37	37	36	38	37	43	44	43	35	36	37	43	40	39	44	38	41	43	45	45	44	43	42	44	41	43	39	41	39	43	40	42	43	41	38	41	40	44	39	37	40	35	42	36	41	42	42	43	42	45	38	43	
16	35	35	35	45	37	43	37	38	43	38	40	45	45	44	37	43	42	40	40	37	40	44	44	45	45	45	36	37	39	43	43	43	39	39	41	42	43	44	37	43	36	36	43	45	35	39	44	41	45	39	45	43	39	37	44	35	37	36	44	35	45	44	44	40	43	45	39	37	39	36	38	36	37	39	44	44	45	43	39	43	42	40	39	41	41	42	45	43	35	41	36	44	42	38	37	39	42	37	36	42	
17	41	42	35	44	37	37	43	43	45	42	43	37	37	35	44	43	37	39	37	42	44	35	41	41	40	36	42	35	39	40	36	42	39	35	37	38	41	39	40	43	35	43	35	37	40	44	38	39	44	43	38	43	42	44	44	39	37	41	40	38	42	45	37	36	37	43	44	39	44	41	35	43	40	45	38	43	36	44	38	42	36	38	44	35	41	45	44	41	37	35	41	42	36	35	38	41	39	37	35	43	
18	35	38	43	39	38	38	45	41	42	38	36	40	41	42	42	43	40	43	36	38	35	39	43	45	41	41	41	45	43	36	40	39	40	40	41	36	42	40	38	41	35	44	43	40	39	40	36	42	35	42	36	37	45	43	44	38	38	42	44	39	39	39	35	39	42	40	37	43	42	40	39	40	36	39	43	35	40	36	43	41	41	40	42	40	42	45	42	45	39	41	37	40	38	42	42	44	40	43	36	39	
19	37	35	40	44	38	40	42	37	41	38	44	39	35	44	36	45	44	44	35	45	38	43	36	44	43	35	43	41	35	41	41	35	38	41	38	42	43	43	43	42	36	43	38	35	36	41	44	37	41	37	44	35	39	41	43	39	42	43	35	45	41	45	38	44	37	40	36	44	42	35	35	43	37	35	37	42	37	42	38	38	38	35	45	37	42	37	45	35	43	38	42	39	36	43	37	40	35	38	40	45	
20	45	41	44	38	44	35	37	38	37	40	43	37	40	37	37	42	44	40	38	36	38	37	42	35	35	38	37	38	41	39	38	44	38	45	38	43	42	43	45	40	43	43	38	41	38	36	35	42	37	39	40	38	40	45	41	35	45	40	42	41	37	38	36	39	45	36	39	44	37	43	43	44	44	38	41	41	35	43	36	39	43	38	42	40	40	44	36	39	37	39	40	45	45	40	36	42	40	44	41	39	
21	43	45	38	39	45	44	36	36	36	43	43	43	39	38	36	37	36	35	36	42	42	35	41	45	41	41	45	41	35	37	39	37	37	43	45	38	36	35	42	41	42	40	38	45	44	35	36	44	40	45	36	41	36	39	36	39	36	42	39	42	37	40	41	43	37	37	36	41	41	40	36	35	38	43	45	39	45	37	37	39	43	36	41	41	43	42	40	44	42	41	39	43	37	36	41	41	42	41	37	43	
22	36	39	35	36	35	36	43	38	38	44	37	36	40	37	38	38	36	40	36	45	44	44	42	38	37	42	36	37	42	36	35	35	36	37	37	44	44	38	39	40	37	42	42	35	43	37	35	44	37	42	37	35	44	42	35	41	45	45	44	38	38	40	36	45	36	42	45	36	42	42	45	35	43	37	39	40	36	40	38	39	39	41	42	45	43	35	44	40	39	39	42	40	41	39	40	45	43	43	37	43	
23	35	42	41	44	38	35	36	40	42	35	43	41	35	41	42	40	45	43	41	43	35	38	40	45	39	36	37	39	44	41	37	41	43	35	40	43	39	39	38	38	45	38	40	41	36	37	45	45	40	44	40	35	38	45	44	35	35	35	44	36	40	45	38	38	39	36	45	39	42	39	41	45	40	40	39	42	40	39	35	43	36	45	41	42	42	36	43	35	41	40	36	39	43	42	42	36	43	41	45	37	
24	35	41	38	45	36	43	37	44	41	35	40	45	42	36	43	40	35	37	35	39	35	36	45	39	41	45	38	35	43	41	37	39	37	40	37	39	42	45	41	37	39	42	37	37	45	35	38	40	36	42	37	38	36	41	42	42	42	43	37	39	45	36	37	36	36	44	35	38	41	41	38	45	38	40	36	37	40	41	44	38	45	35	44	37	44	37	45	37	44	36	39	40	35	39	38	38	41	44	45	45	
25	44	36	45	40	44	36	36	42	36	42	41	44	44	37	41	35	40	45	39	45	41	45	38	43	41	40	37	36	43	41	41	38	35	40	43	45	40	44	43	36	35	39	44	38	43	42	38	38	37	36	43	38	36	44	37	40	37	40	37	37	35	40	45	40	40	38	39	38	38	41	39	45	40	44	45	44	39	35	37	42	36	45	44	41	45	43	45	45	35	39	36	38	38	38	40	37	35	36	35	36	
26	41	37	36	36	41	41	39	41	39	42	43	38	36	44	36	41	45	41	36	41	36	45	44	35	41	42	35	41	37	43	36	38	35	36	40	43	42	40	36	40	44	39	37	40	37	43	37	38	42	37	37	38	36	39	35	44	44	37	42	40	37	40	45	36	38	41	37	36	44	44	41	35	44	37	35	44	44	42	42	35	44	37	36	37	44	39	40	41	40	43	35	37	36	44	41	44	45	40	42	41	
27	42	35	37	36	39	45	37	36	39	37	36	38	39	42	40	38	41	39	43	40	39	42	41	35	39	40	41	41	40	45	37	36	40	39	45	45	39	43	42	40	37	38	43	45	37	35	36	38	43	38	40	45	43	39	35	42	42	36	36	37	43	40	39	40	36	42	41	36	44	45	41	42	37	35	40	39	42	44	39	37	44	37	36	43	45	43	41	41	40	35	40	43	41	45	36	35	42	40	39	35	
28	35	35	35	36	45	39	37	35	38	39	44	45	38	40	38	44	42	40	39	37	36	45	35	37	41	37	41	37	39	37	41	43	42	35	37	40	44	40	42	45	43	44	38	41	45	45	41	42	35	40	41	43	38	39	40	39	38	45	35	38	43	45	39	36	35	44	39	40	39	38	42	35	41	38	39	43	40	40	38	41	44	39	38	36	44	45	36	38	35	41	44	41	36	43	45	45	43	37	44	36	
29	45	42	38	43	37	41	41	38	35	41	37	39	45	36	40	36	38	41	43	39	42	36	39	45	41	45	42	42	42	35	43	37	44	36	43	36	40	43	40	35	40	41	35	38	39	37	45	45	43	39	40	35	35	41	45	35	42	39	40	39	35	37	39	37	39	44	36	40	36	35	45	37	39	37	41	45	37	41	39	36	39	35	43	38	36	40	42	45	37	42	36	44	43	44	37	35	41	40	37	40	
30	39	44	35	39	45	40	41	35	45	35	38	40	44	39	45	40	44	35	44	44	35	36	38	35	41	42	43	42	37	41	40	35	36	43	40	44	38	44	45	36	41	36	42	39	43	44	43	42	39	44	43	44	40	39	41	39	43	43	37	45	43	42	39	39	44	35	36	44	42	39	38	44	37	42	42	39	35	41	40	38	36	40	39	39	40	43	38	44	35	35	39	41	41	44	39	38	39	43	36	40	
31	40	40	41	35	35	38	39	37	41	45	37	39	35	41	41	44	44	43	43	35	43	35	36	39	37	35	38	43	41	37	45	41	44	41	43	41	37	37	39	40	36	43	39	45	43	36	43	44	35	45	43	36	41	36	35	40	37	36	41	45	42	35	45	36	43	44	40	39	45	36	43	43	45	36	41	37	45	43	39	36	40	39	43	42	43	42	41	38	41	45	42	37	43	35	41	39	44	37	37	42	
32	44	41	38	42	38	43	40	36	36	37	44	44	38	43	44	42	43	43	37	43	41	43	45	45	45	45	43	42	44	39	45	35	41	40	44	37	41	40	43	35	40	38	41	43	35	43	39	40	42	40	38	45	40	38	41	45	45	40	39	40	35	36	42	37	36	43	43	44	39	42	37	38	40	41	43	45	36	41	45	35	39	42	38	39	37	39	43	42	39	35	38	37	38	38	40	37	38	37	44	43	
33	40	40	39	45	35	36	36	37	37	44	41	43	44	38	44	36	37	43	43	43	44	36	39	45	43	43	37	38	41	41	44	37	42	41	39	45	36	42	41	43	39	38	40	39	39	43	38	36	45	42	36	43	36	38	45	40	39	36	45	39	43	36	41	45	44	45	37	36	44	39	37	43	45	35	41	37	38	44	43	38	38	35	37	39	45	43	35	37	40	38	41	42	40	40	41	37	43	41	39	45	
34	41	37	38	43	35	43	40	36	44	43	41	43	37	44	44	38	44	39	41	44	44	44	40	44	38	43	43	43	36	45	38	37	42	43	45	44	41	40	36	40	39	39	37	38	45	45	36	39	44	41	44	45	44	37	38	45	35	36	36	45	35	44	42	42	42	35	45	39	38	36	44	35	35	44	40	38	45	36	40	38	42	43	39	36	45	41	35	45	36	40	43	37	40	45	37	44	35	36	40	41	
35	35	40	39	39	36	35	41	41	40	39	42	39	40	35	42	40	44	44	44	40	38	36	45	35	41	38	45	37	43	45	38	41	44	37	37	43	45	35	45	45	36	39	42	37	39	44	42	40	37	37	40	42	44	45	45	39	41	40	41	42	36	41	42	38	43	42	44	38	43	38	38	42	38	41	35	36	40	42	38	38	39	36	41	43	43	41	39	43	37	40	42	40	35	44	40	38	44	40	38	37	
36	39	45	41	41	44	36	35	42	36	39	43	43	36	38	41	44	36	41	35	40	44	43	42	40	35	44	43	40	45	40	39	36	39	44	39	45	35	37	39	36	36	40	43	36	43	43	40	37	42	37	41	38	35	43	41	40	44	42	44	41	40	36	43	35	35	36	36	40	37	38	35	45	35	40	37	40	38	41	38	40	36	38	45	35	40	44	37	40	38	44	43	38	43	42	40	41	39	38	45	39	
37	37	40	41	42	37	38	41	37	40	45	36	44	44	44	42	41	41	38	36	41	39	37	45	44	38	42	38	43	45	43	41	45	43	37	42	44	43	40	37	43	45	41	36	35	40	40	45	35	41	45	35	37	43	37	42	39	40	45	39	40	37	39	44	36	36	44	43	40	45	44	42	38	45	37	37	44	37	44	44	37	36	37	39	39	44	35	43	41	45	44	42	39	41	37	45	43	38	43	36	39	
38	41	38	38	35	36	35	39	39	36	36	39	43	38	42	36	44	40	37	36	38	37	37	35	40	42	36	36	43	43	39	43	37	39	42	38	35	36	38	36	40	39	39	37	45	38	39	37	43	40	35	35	41	41	40	45	38	44	39	44	37	38	43	44	37	41	39	39	35	37	38	43	38	44	37	42	44	35	42	35	44	44	41	41	39	35	43	40	38	40	42	45	41	43	40	35	39	38	39	44	45	
39	42	35	38	35	41	45	36	43	43	38	38	42	36	40	41	36	38	42	45	40	45	38	40	40	43	41	44	42	38	42	35	36	39	39	40	41	41	40	38	45	39	41	38	35	39	43	42	43	44	41	41	43	41	37	39	36	45	41	39	37	43	44	37	39	37	35	40	35	45	43	40	36	43	36	40	39	37	44	43	39	39	36	37	45	45	42	45	42	40	40	41	41	42	35	36	36	44	44	45	42	
40	40	38	43	42	36	43	37	44	37	45	36	35	45	41	45	36	42	44	35	36	42	36	39	35	35	40	45	41	43	35	45	45	39	38	44	43	45	35	41	44	37	36	39	38	45	40	35	42	37	38	44	36	43	37	36	39	40	36	45	37	39	39	39	38	39	43	40	43	41	37	36	42	43	40	43	36	39	36	39	36	36	36	45	44	41	39	45	43	35	41	43	40	41	42	36	44	41	36	38	41	
41	37	37	37	36	43	42	42	42	43	43	37	42	35	37	37	42	40	35	43	35	39	43	44	40	44	38	45	36	40	36	43	37	35	41	38	40	43	36	43	42	42	40	40	37	40	40	39	41	38	35	35	39	41	36	44	35	37	38	42	44	39	43	36	38	35	38	42	45	39	36	35	41	45	38	35	38	38	40	35	35	45	45	42	45	42	43	37	40	39	43	41	44	41	37	38	40	39	37	37	38	
42	42	35	36	36	43	40	39	35	44	40	35	40	45	43	39	37	40	37	41	42	40	45	42	36	41	41	40	45	37	39	42	35	37	41	42	44	43	39	42	44	36	45	45	39	42	38	35	40	45	39	36	42	39	35	40	42	38	38	39	42	44	42	41	42	39	39	40	44	35	45	39	44	44	39	38	44	35	43	35	44	39	37	43	44	39	36	39	36	38	38	38	39	44	41	35	42	35	42	38	39	
43	45	40	36	44	41	39	43	36	44	38	40	37	42	44	45	35	44	44	35	43	40	45	36	42	44	40	35	39	44	38	43	37	44	35	35	38	43	42	43	37	41	42	36	39	41	45	37	42	43	42	36	42	45	41	43	35	43	36	35	38	42	42	37	36	39	44	43	41	37	40	42	35	38	42	35	35	43	44	43	41	37	41	40	36	41	37	36	43	44	35	38	40	37	35	42	35	38	38	44	37	
44	43	41	39	38	42	38	36	40	40	40	44	43	45	45	40	41	35	44	35	37	41	40	42	35	36	38	39	37	38	39	45	43	35	39	44	45	35	45	36	39	36	39	42	37	42	43	38	38	45	42	35	45	42	35	41	38	37	36	45	40	44	38	40	44	44	37	39	45	35	44	40	43	43	43	37	41	36	44	45	35	37	41	38	38	40	42	40	38	43	37	36	37	41	45	44	36	44	45	42	37	
45	43	41	40	35	45	42	35	38	40	43	44	40	42	40	40	36	38	35	45	42	44	44	44	44	41	45	42	40	41	44	42	45	40	37	35	40	36	40	36	43	39	38	37	45	40	42	45	39	41	40	43	45	40	45	36	42	37	37	35	42	43	39	45	44	40	38	43	44	41	44	41	39	37	37	39	39	44	41	43	41	42	40	40	35	43	43	39	35	41	44	44	44	41	39	36	44	41	42	42	39	
46	37	36	42	44	43	40	37	42	38	44	41	45	35	38	42	38	42	36	44	45	45	38	45	41	35	40	35	37	39	44	45	41	38	45	37	36	37	41	44	43	41	38	39	44	35	36	43	36	41	45	35	35	38	35	40	41	45	36	45	43	45	39	42	35	35	40	35	40	39	45	45	38	41	43	42	40	45	42	37	41	37	44	37	40	36	41	43	39	37	41	37	36	41	40	37	44	39	45	40	35	
47	42	40	43	38	44	37	41	38	39	36	38	37	40	44	36	36	45	45	40	42	36	45	42	44	38	40	35	44	40	37	45	41	38	37	41	43	42	41	39	41	37	35	44	45	43	41	39	36	37	39	42	36	42	44	43	37	42	43	41	45	38	36	39	42	39	37	39	38	44	42	45	41	44	38	35	35	43	35	38	43	45	35	40	36	45	44	38	41	38	37	44	45	39	39	39	40	40	39	40	36	
48	44	42	37	45	39	39	37	38	37	44	42	44	43	35	40	39	38	45	45	38	36	40	43	41	41	36	44	41	43	35	37	36	37	43	40	41	40	42	45	44	40	37	35	36	37	39	44	35	44	44	43	35	35	40	35	42	38	44	36	45	37	36	44	40	35	44	38	45	44	43	37	41	43	41	44	36	41	38	38	39	36	45	43	38	41	39	40	40	43	37	41	37	41	39	35	40	41	40	43	37	
49	37	40	36	45	38	43	35	40	39	39	40	41	44	44	41	43	37	43	37	39	45	38	35	38	43	42	41	43	44	40	40	42	45	43	38	36	41	38	45	35	35	35	38	41	37	38	37	41	45	42	36	36	39	42	43	45	38	40	42	41	39	39	36	41	35	45	36	41	45	37	43	45	36	39	35	38	35	38	45	38	42	35	36	35	39	40	44	40	45	38	39	38	35	38	36	40	39	45	45	43	
50	36	42	39	37	37	37	43	41	45	36	37	36	42	35	35	40	44	41	43	41	42	44	42	42	45	37	42	42	35	39	42	42	45	38	36	35	44	40	39	40	44	45	35	35	42	42	36	45	36	39	42	45	42	41	43	37	39	35	44	36	44	44	41	43	39	36	45	42	40	36	36	45	45	41	35	35	42	37	45	36	43	43	42	45	36	41	42	40	35	36	44	45	44	39	42	44	40	37	35	38;
