11
18
15
15
12
10
17
17
20
14
15
19
10
10
15
17
10
14
10
14
17
16
20
19
15
11
17
14
17
20
18
12
10
18
13
16
18
20
14
12
20
17
18
17
10
16
19
12
14
18
15
12
13
13
11
15
19
20
10
19
15
15
13
20
15
12
10
20
10
15
14
13
20
15
15
20
10
18
18
19
11
10
17
19
16
18
17
20
19
12
13
13
15
16
19
14
19
12
14
15
15
13
11
11
16
18
10
15
15
20
18
16
19
16
19
11
12
17
11
11
13
10
14
10
17
20
12
11
13
19
17
11
17
14
14
15
11
16
19
16
20
16
11
20
14
11
16
12
15
15
20
11
12
13
16
11
17
16
18
12
15
14
12
10
19
14
11
20
14
11
19
11
11
10
14
12
11
18
15
13
14
18
20
17
12
17
19
12
19
15
15
16
18
18
15
20
16
14
19
17